samples/SBE39plus_03907421_2022_10_26.asc
* Sea-Bird SBE39plus Data File:
* Converted from 'C:\Data\Longyearbyen 2022\Permeability Tests\SBE39plus_03907421_2022_10_26.XML'
* Software Version 2.4.1, SeatermV2
* SerialNumber: 03907421
* FirmwareVersion: 4.2.0
* PressureInstalled: yes
*END*

[from data line 2288]
 20.6674,   0.0976, 26 Oct 2022, 10:17:13
 20.6686,   0.0949, 26 Oct 2022, 10:17:14
 20.6685,   0.1006, 26 Oct 2022, 10:17:15
 20.6682,   0.0963, 26 Oct 2022, 10:17:16
 20.6680,   0.0979, 26 Oct 2022, 10:17:17
 20.6686,   0.0976, 26 Oct 2022, 10:17:18
 20.6689,   0.0980, 26 Oct 2022, 10:17:19
 20.6684,   0.0929, 26 Oct 2022, 10:17:20
 20.6684,   0.0972, 26 Oct 2022, 10:17:21
 20.6689,   0.0971, 26 Oct 2022, 10:17:22
 20.6680,   0.0970, 26 Oct 2022, 10:17:23
 20.6680,   0.0952, 26 Oct 2022, 10:17:24
 20.6690,   0.0977, 26 Oct 2022, 10:17:25
 20.6687,   0.0972, 26 Oct 2022, 10:17:26
 20.6690,   0.0931, 26 Oct 2022, 10:17:27
 20.6693,   0.0979, 26 Oct 2022, 10:17:28
 20.6691,   0.0959, 26 Oct 2022, 10:17:29
 20.6682,   0.0986, 26 Oct 2022, 10:17:30
 20.6685,   0.0970, 26 Oct 2022, 10:17:31
 20.6694,   0.0956, 26 Oct 2022, 10:17:32
 20.6687,   0.0958, 26 Oct 2022, 10:17:33
 20.6689,   0.0949, 26 Oct 2022, 10:17:34
 20.6680,   0.0974, 26 Oct 2022, 10:17:35
 20.6684,   0.0947, 26 Oct 2022, 10:17:36
 20.6684,   0.0965, 26 Oct 2022, 10:17:37
 20.6691,   0.0960, 26 Oct 2022, 10:17:38
 20.6687,   0.0942, 26 Oct 2022, 10:17:39
 20.6687,   0.0975, 26 Oct 2022, 10:17:40
 20.6686,   0.0935, 26 Oct 2022, 10:17:41
 20.6686,   0.0930, 26 Oct 2022, 10:17:42
 20.6683,   0.0964, 26 Oct 2022, 10:17:43
 20.6680,   0.0987, 26 Oct 2022, 10:17:44
 20.6682,   0.0996, 26 Oct 2022, 10:17:45
 20.6686,   0.0968, 26 Oct 2022, 10:17:46
 20.6677,   0.0928, 26 Oct 2022, 10:17:47
 20.6679,   0.0958, 26 Oct 2022, 10:17:48
 20.6673,   0.0962, 26 Oct 2022, 10:17:49
 20.6675,   0.0946, 26 Oct 2022, 10:17:50
 20.6673,   0.0981, 26 Oct 2022, 10:17:51
 20.6665,   0.0986, 26 Oct 2022, 10:17:52
 20.6674,   0.0963, 26 Oct 2022, 10:17:53
 20.6669,   0.0967, 26 Oct 2022, 10:17:54
 20.6667,   0.0972, 26 Oct 2022, 10:17:55
 20.6666,   0.0978, 26 Oct 2022, 10:17:56
 20.6664,   0.0980, 26 Oct 2022, 10:17:57
 20.6658,   0.0937, 26 Oct 2022, 10:17:58
 20.6664,   0.0976, 26 Oct 2022, 10:17:59
 20.6660,   0.0951, 26 Oct 2022, 10:18:00
 20.6657,   0.0973, 26 Oct 2022, 10:18:01
 20.6657,   0.0997, 26 Oct 2022, 10:18:02
 20.6653,   0.0990, 26 Oct 2022, 10:18:03
 20.6652,   0.0968, 26 Oct 2022, 10:18:04
 20.6654,   0.0934, 26 Oct 2022, 10:18:05
 20.6649,   0.0940, 26 Oct 2022, 10:18:06
 20.6645,   0.0987, 26 Oct 2022, 10:18:07
 20.6653,   0.0941, 26 Oct 2022, 10:18:08
 20.6647,   0.0987, 26 Oct 2022, 10:18:09
 20.6643,   0.0972, 26 Oct 2022, 10:18:10
 20.6643,   0.0958, 26 Oct 2022, 10:18:11
 20.6643,   0.0997, 26 Oct 2022, 10:18:12
 20.6638,   0.0973, 26 Oct 2022, 10:18:13
 20.6638,   0.0973, 26 Oct 2022, 10:18:14
 20.6637,   0.0945, 26 Oct 2022, 10:18:15
 20.6635,   0.0949, 26 Oct 2022, 10:18:16
 20.6639,   0.0982, 26 Oct 2022, 10:18:17
 20.6634,   0.0962, 26 Oct 2022, 10:18:18
 20.6632,   0.0945, 26 Oct 2022, 10:18:19
 20.6639,   0.0956, 26 Oct 2022, 10:18:20
 20.6627,   0.0951, 26 Oct 2022, 10:18:21
 20.6637,   0.0959, 26 Oct 2022, 10:18:22
 20.6634,   0.0958, 26 Oct 2022, 10:18:23
 20.6631,   0.0972, 26 Oct 2022, 10:18:24
 20.6632,   0.0917, 26 Oct 2022, 10:18:25
 20.6628,   0.0962, 26 Oct 2022, 10:18:26
 20.6629,   0.0932, 26 Oct 2022, 10:18:27
 20.6635,   0.0978, 26 Oct 2022, 10:18:28
 20.6633,   0.0966, 26 Oct 2022, 10:18:29
 20.6628,   0.0956, 26 Oct 2022, 10:18:30
 20.6627,   0.0972, 26 Oct 2022, 10:18:31
 20.6631,   0.0983, 26 Oct 2022, 10:18:32
 20.6630,   0.0980, 26 Oct 2022, 10:18:33
 20.6627,   0.0982, 26 Oct 2022, 10:18:34
 20.6631,   0.0940, 26 Oct 2022, 10:18:35
 20.6624,   0.0955, 26 Oct 2022, 10:18:36
 20.6623,   0.0935, 26 Oct 2022, 10:18:37
 20.6628,   0.0988, 26 Oct 2022, 10:18:38
 20.6627,   0.0955, 26 Oct 2022, 10:18:39
 20.6629,   0.0950, 26 Oct 2022, 10:18:40
 20.6628,   0.0974, 26 Oct 2022, 10:18:41
 20.6629,   0.0947, 26 Oct 2022, 10:18:42
 20.6625,   0.0949, 26 Oct 2022, 10:18:43
 20.6628,   0.0958, 26 Oct 2022, 10:18:44
 20.6625,   0.0939, 26 Oct 2022, 10:18:45
 20.6627,   0.0971, 26 Oct 2022, 10:18:46
 20.6634,   0.0962, 26 Oct 2022, 10:18:47
 20.6621,   0.0931, 26 Oct 2022, 10:18:48
 20.6630,   0.0972, 26 Oct 2022, 10:18:49
 20.6628,   0.1007, 26 Oct 2022, 10:18:50
 20.6629,   0.0938, 26 Oct 2022, 10:18:51
 20.6628,   0.0985, 26 Oct 2022, 10:18:52
 20.6627,   0.0944, 26 Oct 2022, 10:18:53
 20.6623,   0.0972, 26 Oct 2022, 10:18:54
 20.6634,   0.0969, 26 Oct 2022, 10:18:55
 20.6629,   0.0989, 26 Oct 2022, 10:18:56
 20.6627,   0.1009, 26 Oct 2022, 10:18:57
 20.6633,   0.0974, 26 Oct 2022, 10:18:58
 20.6633,   0.0972, 26 Oct 2022, 10:18:59
 20.6630,   0.1002, 26 Oct 2022, 10:19:00
 20.6632,   0.0978, 26 Oct 2022, 10:19:01
 20.6635,   0.0955, 26 Oct 2022, 10:19:02
 20.6636,   0.0963, 26 Oct 2022, 10:19:03
 20.6630,   0.0960, 26 Oct 2022, 10:19:04
 20.6628,   0.0967, 26 Oct 2022, 10:19:05
 20.6633,   0.0981, 26 Oct 2022, 10:19:06
 20.6633,   0.0944, 26 Oct 2022, 10:19:07
 20.6636,   0.0975, 26 Oct 2022, 10:19:08
 20.6637,   0.0973, 26 Oct 2022, 10:19:09
 20.6631,   0.0963, 26 Oct 2022, 10:19:10
 20.6637,   0.0963, 26 Oct 2022, 10:19:11
 20.6635,   0.0945, 26 Oct 2022, 10:19:12
 20.6630,   0.0968, 26 Oct 2022, 10:19:13
 20.6633,   0.1004, 26 Oct 2022, 10:19:14
 20.6636,   0.0973, 26 Oct 2022, 10:19:15
 20.6639,   0.0990, 26 Oct 2022, 10:19:16
 20.6636,   0.0963, 26 Oct 2022, 10:19:17
 20.6640,   0.0999, 26 Oct 2022, 10:19:18
 20.6642,   0.1001, 26 Oct 2022, 10:19:19
 20.6640,   0.0936, 26 Oct 2022, 10:19:20
 20.6641,   0.0954, 26 Oct 2022, 10:19:21
 20.6640,   0.0952, 26 Oct 2022, 10:19:22
 20.6649,   0.0996, 26 Oct 2022, 10:19:23
 20.6639,   0.0956, 26 Oct 2022, 10:19:24
 20.6640,   0.0970, 26 Oct 2022, 10:19:25
 20.6639,   0.0993, 26 Oct 2022, 10:19:26
 20.6641,   0.1004, 26 Oct 2022, 10:19:27
 20.6644,   0.0952, 26 Oct 2022, 10:19:28
 20.6644,   0.0936, 26 Oct 2022, 10:19:29
 20.6649,   0.0986, 26 Oct 2022, 10:19:30
 20.6640,   0.0973, 26 Oct 2022, 10:19:31
 20.6642,   0.1011, 26 Oct 2022, 10:19:32
 20.6649,   0.0989, 26 Oct 2022, 10:19:33
 20.6652,   0.0961, 26 Oct 2022, 10:19:34
 20.6649,   0.0987, 26 Oct 2022, 10:19:35
 20.6646,   0.0961, 26 Oct 2022, 10:19:36
 20.6652,   0.0925, 26 Oct 2022, 10:19:37
 20.6645,   0.0976, 26 Oct 2022, 10:19:38
 20.6646,   0.0985, 26 Oct 2022, 10:19:39
 20.6642,   0.0978, 26 Oct 2022, 10:19:40
 20.6651,   0.0975, 26 Oct 2022, 10:19:41
 20.6647,   0.0970, 26 Oct 2022, 10:19:42
 20.6651,   0.0948, 26 Oct 2022, 10:19:43
 20.6644,   0.0996, 26 Oct 2022, 10:19:44
 20.6649,   0.0957, 26 Oct 2022, 10:19:45
 20.6649,   0.0968, 26 Oct 2022, 10:19:46
 20.6650,   0.0992, 26 Oct 2022, 10:19:47
 20.6647,   0.0940, 26 Oct 2022, 10:19:48
 20.6655,   0.0974, 26 Oct 2022, 10:19:49
 20.6647,   0.0968, 26 Oct 2022, 10:19:50
 20.6646,   0.0972, 26 Oct 2022, 10:19:51
 20.6646,   0.0982, 26 Oct 2022, 10:19:52
 20.6649,   0.0977, 26 Oct 2022, 10:19:53
 20.6649,   0.0973, 26 Oct 2022, 10:19:54
 20.6639,   0.0981, 26 Oct 2022, 10:19:55
 20.6653,   0.0974, 26 Oct 2022, 10:19:56
 20.6649,   0.0981, 26 Oct 2022, 10:19:57
 20.6655,   0.0989, 26 Oct 2022, 10:19:58
 20.6643,   0.0996, 26 Oct 2022, 10:19:59
 20.6649,   0.0937, 26 Oct 2022, 10:20:00
 20.6643,   0.0960, 26 Oct 2022, 10:20:01
 20.6647,   0.0943, 26 Oct 2022, 10:20:02
 20.6647,   0.0935, 26 Oct 2022, 10:20:03
 20.6651,   0.1004, 26 Oct 2022, 10:20:04
 20.6647,   0.0963, 26 Oct 2022, 10:20:05
 20.6645,   0.0967, 26 Oct 2022, 10:20:06
 20.6649,   0.0955, 26 Oct 2022, 10:20:07
 20.6646,   0.0951, 26 Oct 2022, 10:20:08
 20.6644,   0.0941, 26 Oct 2022, 10:20:09
 20.6648,   0.0962, 26 Oct 2022, 10:20:10
 20.6645,   0.0994, 26 Oct 2022, 10:20:11
 20.6647,   0.0922, 26 Oct 2022, 10:20:12
 20.6639,   0.0981, 26 Oct 2022, 10:20:13
 20.6640,   0.0942, 26 Oct 2022, 10:20:14
 20.6645,   0.0956, 26 Oct 2022, 10:20:15
 20.6646,   0.0967, 26 Oct 2022, 10:20:16
 20.6644,   0.1000, 26 Oct 2022, 10:20:17
 20.6643,   0.0998, 26 Oct 2022, 10:20:18
 20.6638,   0.0959, 26 Oct 2022, 10:20:19
 20.6642,   0.0953, 26 Oct 2022, 10:20:20
 20.6644,   0.0991, 26 Oct 2022, 10:20:21
 20.6641,   0.0976, 26 Oct 2022, 10:20:22
 20.6639,   0.0972, 26 Oct 2022, 10:20:23
 20.6642,   0.0967, 26 Oct 2022, 10:20:24
 20.6638,   0.0968, 26 Oct 2022, 10:20:25
 20.6640,   0.0960, 26 Oct 2022, 10:20:26
 20.6637,   0.0974, 26 Oct 2022, 10:20:27
 20.6637,   0.0975, 26 Oct 2022, 10:20:28
 20.6630,   0.0978, 26 Oct 2022, 10:20:29
 20.6638,   0.0948, 26 Oct 2022, 10:20:30
 20.6631,   0.1005, 26 Oct 2022, 10:20:31
 20.6628,   0.0966, 26 Oct 2022, 10:20:32
 20.6630,   0.0980, 26 Oct 2022, 10:20:33
 20.6631,   0.0953, 26 Oct 2022, 10:20:34
 20.6628,   0.0969, 26 Oct 2022, 10:20:35
 20.6626,   0.0970, 26 Oct 2022, 10:20:36
 20.6621,   0.0973, 26 Oct 2022, 10:20:37
 20.6625,   0.0962, 26 Oct 2022, 10:20:38
 20.6622,   0.0978, 26 Oct 2022, 10:20:39
 20.6621,   0.0973, 26 Oct 2022, 10:20:40
 20.6618,   0.0955, 26 Oct 2022, 10:20:41
 20.6612,   0.0979, 26 Oct 2022, 10:20:42
 20.6613,   0.0969, 26 Oct 2022, 10:20:43
 20.6614,   0.0945, 26 Oct 2022, 10:20:44
 20.6613,   0.0959, 26 Oct 2022, 10:20:45
 20.6613,   0.0959, 26 Oct 2022, 10:20:46
 20.6605,   0.0979, 26 Oct 2022, 10:20:47
 20.6615,   0.0951, 26 Oct 2022, 10:20:48
 20.6613,   0.0948, 26 Oct 2022, 10:20:49
 20.6607,   0.0955, 26 Oct 2022, 10:20:50
 20.6603,   0.0968, 26 Oct 2022, 10:20:51
 20.6604,   0.0975, 26 Oct 2022, 10:20:52
 20.6597,   0.0959, 26 Oct 2022, 10:20:53
 20.6599,   0.0948, 26 Oct 2022, 10:20:54
 20.6596,   0.0959, 26 Oct 2022, 10:20:55
 20.6599,   0.0912, 26 Oct 2022, 10:20:56
 20.6589,   0.0973, 26 Oct 2022, 10:20:57
 20.6594,   0.0961, 26 Oct 2022, 10:20:58
 20.6596,   0.0983, 26 Oct 2022, 10:20:59
 20.6585,   0.1010, 26 Oct 2022, 10:21:00
 20.6586,   0.0962, 26 Oct 2022, 10:21:01
 20.6583,   0.0952, 26 Oct 2022, 10:21:02
 20.6590,   0.0977, 26 Oct 2022, 10:21:03
 20.6581,   0.0980, 26 Oct 2022, 10:21:04
 20.6581,   0.0982, 26 Oct 2022, 10:21:05
 20.6580,   0.0970, 26 Oct 2022, 10:21:06
 20.6581,   0.0964, 26 Oct 2022, 10:21:07
 20.6576,   0.0944, 26 Oct 2022, 10:21:08
 20.6573,   0.0977, 26 Oct 2022, 10:21:09
 20.6575,   0.0988, 26 Oct 2022, 10:21:10
 20.6576,   0.0984, 26 Oct 2022, 10:21:11
 20.6571,   0.0965, 26 Oct 2022, 10:21:12
 20.6566,   0.0984, 26 Oct 2022, 10:21:13
 20.6569,   0.0949, 26 Oct 2022, 10:21:14
 20.6572,   0.0989, 26 Oct 2022, 10:21:15
 20.6568,   0.0985, 26 Oct 2022, 10:21:16
 20.6567,   0.0947, 26 Oct 2022, 10:21:17
 20.6565,   0.0951, 26 Oct 2022, 10:21:18
 20.6565,   0.0959, 26 Oct 2022, 10:21:19
 20.6564,   0.0979, 26 Oct 2022, 10:21:20
 20.6560,   0.0955, 26 Oct 2022, 10:21:21
 20.6571,   0.0965, 26 Oct 2022, 10:21:22
 20.6563,   0.0941, 26 Oct 2022, 10:21:23
 20.6559,   0.0951, 26 Oct 2022, 10:21:24
 20.6564,   0.0954, 26 Oct 2022, 10:21:25
 20.6559,   0.0994, 26 Oct 2022, 10:21:26
 20.6557,   0.0972, 26 Oct 2022, 10:21:27
 20.6560,   0.0962, 26 Oct 2022, 10:21:28
 20.6554,   0.0987, 26 Oct 2022, 10:21:29
 20.6555,   0.0968, 26 Oct 2022, 10:21:30
 20.6559,   0.0967, 26 Oct 2022, 10:21:31
 20.6550,   0.0978, 26 Oct 2022, 10:21:32
 20.6551,   0.0954, 26 Oct 2022, 10:21:33
 20.6547,   0.0962, 26 Oct 2022, 10:21:34
 20.6550,   0.0958, 26 Oct 2022, 10:21:35
 20.6554,   0.0971, 26 Oct 2022, 10:21:36
 20.6548,   0.0964, 26 Oct 2022, 10:21:37
 20.6551,   0.0972, 26 Oct 2022, 10:21:38
 20.6550,   0.0959, 26 Oct 2022, 10:21:39
 20.6542,   0.0970, 26 Oct 2022, 10:21:40
 20.6552,   0.0982, 26 Oct 2022, 10:21:41
 20.6545,   0.0973, 26 Oct 2022, 10:21:42
 20.6549,   0.0951, 26 Oct 2022, 10:21:43
 20.6544,   0.0982, 26 Oct 2022, 10:21:44
 20.6546,   0.0945, 26 Oct 2022, 10:21:45
 20.6550,   0.0987, 26 Oct 2022, 10:21:46
 20.6551,   0.0960, 26 Oct 2022, 10:21:47
 20.6544,   0.0939, 26 Oct 2022, 10:21:48
 20.6542,   0.1003, 26 Oct 2022, 10:21:49
 20.6541,   0.0996, 26 Oct 2022, 10:21:50
 20.6539,   0.0931, 26 Oct 2022, 10:21:51
 20.6538,   0.0967, 26 Oct 2022, 10:21:52
 20.6539,   0.0972, 26 Oct 2022, 10:21:53
 20.6543,   0.0961, 26 Oct 2022, 10:21:54
 20.6533,   0.0959, 26 Oct 2022, 10:21:55
 20.6538,   0.0913, 26 Oct 2022, 10:21:56
 20.6539,   0.0971, 26 Oct 2022, 10:21:57
 20.6544,   0.0979, 26 Oct 2022, 10:21:58
 20.6536,   0.0974, 26 Oct 2022, 10:21:59
 20.6536,   0.0973, 26 Oct 2022, 10:22:00
 20.6531,   0.0928, 26 Oct 2022, 10:22:01
 20.6538,   0.0952, 26 Oct 2022, 10:22:02
 20.6539,   0.0967, 26 Oct 2022, 10:22:03
 20.6528,   0.0973, 26 Oct 2022, 10:22:04
 20.6537,   0.0936, 26 Oct 2022, 10:22:05
 20.6536,   0.0999, 26 Oct 2022, 10:22:06
 20.6536,   0.0978, 26 Oct 2022, 10:22:07
 20.6538,   0.0973, 26 Oct 2022, 10:22:08
 20.6531,   0.0978, 26 Oct 2022, 10:22:09
 20.6528,   0.0959, 26 Oct 2022, 10:22:10
 20.6529,   0.0960, 26 Oct 2022, 10:22:11
 20.6531,   0.0981, 26 Oct 2022, 10:22:12
 20.6523,   0.0954, 26 Oct 2022, 10:22:13
 20.6528,   0.0990, 26 Oct 2022, 10:22:14
 20.6523,   0.0957, 26 Oct 2022, 10:22:15
 20.6525,   0.0966, 26 Oct 2022, 10:22:16
 20.6527,   0.1013, 26 Oct 2022, 10:22:17
 20.6526,   0.0970, 26 Oct 2022, 10:22:18
 20.6525,   0.0955, 26 Oct 2022, 10:22:19
 20.6520,   0.0980, 26 Oct 2022, 10:22:20
 20.6520,   0.0952, 26 Oct 2022, 10:22:21
 20.6525,   0.0926, 26 Oct 2022, 10:22:22
 20.6520,   0.0970, 26 Oct 2022, 10:22:23
 20.6524,   0.0969, 26 Oct 2022, 10:22:24
 20.6517,   0.0976, 26 Oct 2022, 10:22:25
 20.6512,   0.0959, 26 Oct 2022, 10:22:26
 20.6520,   0.0984, 26 Oct 2022, 10:22:27
 20.6514,   0.0952, 26 Oct 2022, 10:22:28
 20.6517,   0.0970, 26 Oct 2022, 10:22:29
 20.6509,   0.0968, 26 Oct 2022, 10:22:30
 20.6514,   0.0947, 26 Oct 2022, 10:22:31
 20.6509,   0.0953, 26 Oct 2022, 10:22:32
 20.6507,   0.0972, 26 Oct 2022, 10:22:33
 20.6506,   0.0930, 26 Oct 2022, 10:22:34
 20.6510,   0.0954, 26 Oct 2022, 10:22:35
 20.6512,   0.0967, 26 Oct 2022, 10:22:36
 20.6512,   0.0965, 26 Oct 2022, 10:22:37
 20.6510,   0.0925, 26 Oct 2022, 10:22:38
 20.6504,   0.0947, 26 Oct 2022, 10:22:39
 20.6507,   0.0948, 26 Oct 2022, 10:22:40
 20.6508,   0.0963, 26 Oct 2022, 10:22:41
 20.6505,   0.0940, 26 Oct 2022, 10:22:42
 20.6502,   0.0999, 26 Oct 2022, 10:22:43
 20.6510,   0.0952, 26 Oct 2022, 10:22:44
 20.6500,   0.0942, 26 Oct 2022, 10:22:45
 20.6507,   0.0926, 26 Oct 2022, 10:22:46
 20.6501,   0.0936, 26 Oct 2022, 10:22:47
 20.6504,   0.0953, 26 Oct 2022, 10:22:48
 20.6510,   0.0965, 26 Oct 2022, 10:22:49
 20.6493,   0.0946, 26 Oct 2022, 10:22:50
 20.6497,   0.0947, 26 Oct 2022, 10:22:51
 20.6496,   0.0981, 26 Oct 2022, 10:22:52
 20.6498,   0.0964, 26 Oct 2022, 10:22:53
 20.6496,   0.0933, 26 Oct 2022, 10:22:54
 20.6493,   0.0953, 26 Oct 2022, 10:22:55
 20.6495,   0.0960, 26 Oct 2022, 10:22:56
 20.6491,   0.0996, 26 Oct 2022, 10:22:57
 20.6493,   0.0933, 26 Oct 2022, 10:22:58
 20.6492,   0.0960, 26 Oct 2022, 10:22:59
 20.6486,   0.0949, 26 Oct 2022, 10:23:00
 20.6496,   0.0950, 26 Oct 2022, 10:23:01
 20.6485,   0.0978, 26 Oct 2022, 10:23:02
 20.6488,   0.0956, 26 Oct 2022, 10:23:03
 20.6486,   0.0969, 26 Oct 2022, 10:23:04
 20.6489,   0.0978, 26 Oct 2022, 10:23:05
 20.6486,   0.0941, 26 Oct 2022, 10:23:06
 20.6491,   0.0973, 26 Oct 2022, 10:23:07
 20.6485,   0.0958, 26 Oct 2022, 10:23:08
 20.6482,   0.0971, 26 Oct 2022, 10:23:09
 20.6485,   0.0955, 26 Oct 2022, 10:23:10
 20.6486,   0.0949, 26 Oct 2022, 10:23:11
 20.6478,   0.0977, 26 Oct 2022, 10:23:12
 20.6483,   0.0955, 26 Oct 2022, 10:23:13
 20.6483,   0.0966, 26 Oct 2022, 10:23:14
 20.6483,   0.0938, 26 Oct 2022, 10:23:15
 20.6480,   0.0983, 26 Oct 2022, 10:23:16
 20.6479,   0.0959, 26 Oct 2022, 10:23:17
 20.6483,   0.1008, 26 Oct 2022, 10:23:18
 20.6472,   0.0975, 26 Oct 2022, 10:23:19
 20.6473,   0.0971, 26 Oct 2022, 10:23:20
 20.6479,   0.0993, 26 Oct 2022, 10:23:21
 20.6474,   0.0967, 26 Oct 2022, 10:23:22
 20.6481,   0.0917, 26 Oct 2022, 10:23:23
 20.6475,   0.0927, 26 Oct 2022, 10:23:24
 20.6474,   0.0921, 26 Oct 2022, 10:23:25
 20.6480,   0.0968, 26 Oct 2022, 10:23:26
 20.6479,   0.0960, 26 Oct 2022, 10:23:27
 20.6476,   0.0970, 26 Oct 2022, 10:23:28
 20.6466,   0.0942, 26 Oct 2022, 10:23:29
 20.6475,   0.0967, 26 Oct 2022, 10:23:30
 20.6468,   0.0931, 26 Oct 2022, 10:23:31
 20.6471,   0.0960, 26 Oct 2022, 10:23:32
