samples/SBE39plus_03907421_2022_10_26.asc
* Sea-Bird SBE39plus Data File:
* Converted from 'C:\Data\Longyearbyen 2022\Permeability Tests\SBE39plus_03907421_2022_10_26.XML'
* Software Version 2.4.1, SeatermV2
* SerialNumber: 03907421
* FirmwareVersion: 4.2.0
* PressureInstalled: yes
*END*

[from data line 2669]
 20.6467,   0.0943, 26 Oct 2022, 10:23:34
 20.6470,   0.0970, 26 Oct 2022, 10:23:35
 20.6463,   0.0945, 26 Oct 2022, 10:23:36
 20.6465,   0.0991, 26 Oct 2022, 10:23:37
 20.6467,   0.0970, 26 Oct 2022, 10:23:38
 20.6462,   0.0969, 26 Oct 2022, 10:23:39
 20.6463,   0.0992, 26 Oct 2022, 10:23:40
 20.6467,   0.0984, 26 Oct 2022, 10:23:41
 20.6463,   0.0944, 26 Oct 2022, 10:23:42
 20.6463,   0.0969, 26 Oct 2022, 10:23:43
 20.6468,   0.0967, 26 Oct 2022, 10:23:44
 20.6461,   0.0956, 26 Oct 2022, 10:23:45
 20.6464,   0.0966, 26 Oct 2022, 10:23:46
 20.6459,   0.0957, 26 Oct 2022, 10:23:47
 20.6465,   0.0954, 26 Oct 2022, 10:23:48
 20.6462,   0.0917, 26 Oct 2022, 10:23:49
 20.6461,   0.1007, 26 Oct 2022, 10:23:50
 20.6456,   0.0949, 26 Oct 2022, 10:23:51
 20.6458,   0.0960, 26 Oct 2022, 10:23:52
 20.6456,   0.0905, 26 Oct 2022, 10:23:53
 20.6458,   0.0958, 26 Oct 2022, 10:23:54
 20.6459,   0.0977, 26 Oct 2022, 10:23:55
 20.6456,   0.0990, 26 Oct 2022, 10:23:56
 20.6449,   0.0963, 26 Oct 2022, 10:23:57
 20.6454,   0.0930, 26 Oct 2022, 10:23:58
 20.6453,   0.0968, 26 Oct 2022, 10:23:59
 20.6456,   0.0936, 26 Oct 2022, 10:24:00
 20.6457,   0.0932, 26 Oct 2022, 10:24:01
 20.6455,   0.0969, 26 Oct 2022, 10:24:02
 20.6456,   0.0989, 26 Oct 2022, 10:24:03
 20.6452,   0.0982, 26 Oct 2022, 10:24:04
 20.6450,   0.0970, 26 Oct 2022, 10:24:05
 20.6450,   0.0972, 26 Oct 2022, 10:24:06
 20.6450,   0.0962, 26 Oct 2022, 10:24:07
 20.6450,   0.0963, 26 Oct 2022, 10:24:08
 20.6449,   0.0972, 26 Oct 2022, 10:24:09
 20.6448,   0.0967, 26 Oct 2022, 10:24:10
 20.6448,   0.0968, 26 Oct 2022, 10:24:11
 20.6446,   0.0965, 26 Oct 2022, 10:24:12
 20.6445,   0.0931, 26 Oct 2022, 10:24:13
 20.6446,   0.0947, 26 Oct 2022, 10:24:14
 20.6438,   0.0996, 26 Oct 2022, 10:24:15
 20.6437,   0.0979, 26 Oct 2022, 10:24:16
 20.6440,   0.0957, 26 Oct 2022, 10:24:17
 20.6438,   0.0942, 26 Oct 2022, 10:24:18
 20.6438,   0.0967, 26 Oct 2022, 10:24:19
 20.6438,   0.0964, 26 Oct 2022, 10:24:20
 20.6443,   0.0947, 26 Oct 2022, 10:24:21
 20.6440,   0.0977, 26 Oct 2022, 10:24:22
 20.6436,   0.0890, 26 Oct 2022, 10:24:23
 20.6439,   0.0935, 26 Oct 2022, 10:24:24
 20.6439,   0.0943, 26 Oct 2022, 10:24:25
 20.6431,   0.0957, 26 Oct 2022, 10:24:26
 20.6435,   0.0960, 26 Oct 2022, 10:24:27
 20.6433,   0.0982, 26 Oct 2022, 10:24:28
 20.6433,   0.0979, 26 Oct 2022, 10:24:29
 20.6433,   0.0951, 26 Oct 2022, 10:24:30
 20.6428,   0.0985, 26 Oct 2022, 10:24:31
 20.6434,   0.0953, 26 Oct 2022, 10:24:32
 20.6435,   0.0958, 26 Oct 2022, 10:24:33
 20.6425,   0.0937, 26 Oct 2022, 10:24:34
 20.6434,   0.0945, 26 Oct 2022, 10:24:35
 20.6434,   0.0977, 26 Oct 2022, 10:24:36
 20.6426,   0.0935, 26 Oct 2022, 10:24:37
 20.6430,   0.1001, 26 Oct 2022, 10:24:38
 20.6431,   0.0971, 26 Oct 2022, 10:24:39
 20.6426,   0.0971, 26 Oct 2022, 10:24:40
 20.6432,   0.0970, 26 Oct 2022, 10:24:41
 20.6427,   0.0960, 26 Oct 2022, 10:24:42
 20.6429,   0.0952, 26 Oct 2022, 10:24:43
 20.6426,   0.0979, 26 Oct 2022, 10:24:44
 20.6425,   0.0937, 26 Oct 2022, 10:24:45
 20.6428,   0.0970, 26 Oct 2022, 10:24:46
 20.6428,   0.0954, 26 Oct 2022, 10:24:47
 20.6423,   0.0940, 26 Oct 2022, 10:24:48
 20.6422,   0.0959, 26 Oct 2022, 10:24:49
 20.6422,   0.0958, 26 Oct 2022, 10:24:50
 20.6426,   0.0932, 26 Oct 2022, 10:24:51
 20.6427,   0.0962, 26 Oct 2022, 10:24:52
 20.6421,   0.0992, 26 Oct 2022, 10:24:53
 20.6428,   0.0983, 26 Oct 2022, 10:24:54
 20.6421,   0.0935, 26 Oct 2022, 10:24:55
 20.6424,   0.0937, 26 Oct 2022, 10:24:56
 20.6425,   0.0980, 26 Oct 2022, 10:24:57
 20.6424,   0.0970, 26 Oct 2022, 10:24:58
 20.6421,   0.0956, 26 Oct 2022, 10:24:59
 20.6422,   0.0959, 26 Oct 2022, 10:25:00
 20.6427,   0.0959, 26 Oct 2022, 10:25:01
 20.6419,   0.0962, 26 Oct 2022, 10:25:02
 20.6423,   0.0982, 26 Oct 2022, 10:25:03
 20.6419,   0.0981, 26 Oct 2022, 10:25:04
 20.6419,   0.0961, 26 Oct 2022, 10:25:05
 20.6418,   0.0998, 26 Oct 2022, 10:25:06
 20.6418,   0.0980, 26 Oct 2022, 10:25:07
 20.6419,   0.0966, 26 Oct 2022, 10:25:08
 20.6422,   0.0978, 26 Oct 2022, 10:25:09
 20.6424,   0.0954, 26 Oct 2022, 10:25:10
 20.6420,   0.0979, 26 Oct 2022, 10:25:11
 20.6420,   0.0937, 26 Oct 2022, 10:25:12
 20.6422,   0.0935, 26 Oct 2022, 10:25:13
 20.6423,   0.0979, 26 Oct 2022, 10:25:14
 20.6420,   0.0970, 26 Oct 2022, 10:25:15
 20.6419,   0.0939, 26 Oct 2022, 10:25:16
 20.6420,   0.0982, 26 Oct 2022, 10:25:17
 20.6417,   0.0945, 26 Oct 2022, 10:25:18
 20.6418,   0.0954, 26 Oct 2022, 10:25:19
 20.6420,   0.1002, 26 Oct 2022, 10:25:20
 20.6421,   0.0968, 26 Oct 2022, 10:25:21
 20.6417,   0.0977, 26 Oct 2022, 10:25:22
 20.6424,   0.0982, 26 Oct 2022, 10:25:23
 20.6421,   0.0968, 26 Oct 2022, 10:25:24
 20.6418,   0.0984, 26 Oct 2022, 10:25:25
 20.6424,   0.0952, 26 Oct 2022, 10:25:26
 20.6421,   0.0975, 26 Oct 2022, 10:25:27
 20.6425,   0.0954, 26 Oct 2022, 10:25:28
 20.6421,   0.0976, 26 Oct 2022, 10:25:29
 20.6422,   0.0919, 26 Oct 2022, 10:25:30
 20.6425,   0.0937, 26 Oct 2022, 10:25:31
 20.6423,   0.0917, 26 Oct 2022, 10:25:32
 20.6421,   0.0967, 26 Oct 2022, 10:25:33
 20.6424,   0.0984, 26 Oct 2022, 10:25:34
 20.6423,   0.1000, 26 Oct 2022, 10:25:35
 20.6416,   0.0989, 26 Oct 2022, 10:25:36
 20.6418,   0.0949, 26 Oct 2022, 10:25:37
 20.6426,   0.0950, 26 Oct 2022, 10:25:38
 20.6420,   0.0978, 26 Oct 2022, 10:25:39
 20.6425,   0.0984, 26 Oct 2022, 10:25:40
 20.6420,   0.0939, 26 Oct 2022, 10:25:41
 20.6422,   0.0943, 26 Oct 2022, 10:25:42
 20.6423,   0.0959, 26 Oct 2022, 10:25:43
 20.6419,   0.0984, 26 Oct 2022, 10:25:44
 20.6419,   0.0924, 26 Oct 2022, 10:25:45
 20.6428,   0.0913, 26 Oct 2022, 10:25:46
 20.6423,   0.0962, 26 Oct 2022, 10:25:47
 20.6424,   0.0958, 26 Oct 2022, 10:25:48
 20.6419,   0.0937, 26 Oct 2022, 10:25:49
 20.6426,   0.0973, 26 Oct 2022, 10:25:50
 20.6425,   0.0989, 26 Oct 2022, 10:25:51
 20.6425,   0.0972, 26 Oct 2022, 10:25:52
 20.6429,   0.0937, 26 Oct 2022, 10:25:53
 20.6425,   0.0973, 26 Oct 2022, 10:25:54
 20.6421,   0.0967, 26 Oct 2022, 10:25:55
 20.6426,   0.0998, 26 Oct 2022, 10:25:56
 20.6424,   0.0980, 26 Oct 2022, 10:25:57
 20.6426,   0.0963, 26 Oct 2022, 10:25:58
 20.6426,   0.0966, 26 Oct 2022, 10:25:59
 20.6427,   0.0935, 26 Oct 2022, 10:26:00
 20.6427,   0.0959, 26 Oct 2022, 10:26:01
 20.6434,   0.0944, 26 Oct 2022, 10:26:02
 20.6426,   0.0976, 26 Oct 2022, 10:26:03
 20.6429,   0.0939, 26 Oct 2022, 10:26:04
 20.6430,   0.0979, 26 Oct 2022, 10:26:05
 20.6435,   0.0965, 26 Oct 2022, 10:26:06
 20.6430,   0.0982, 26 Oct 2022, 10:26:07
 20.6433,   0.0941, 26 Oct 2022, 10:26:08
 20.6427,   0.0965, 26 Oct 2022, 10:26:09
 20.6434,   0.0970, 26 Oct 2022, 10:26:10
 20.6439,   0.0967, 26 Oct 2022, 10:26:11
 20.6432,   0.0953, 26 Oct 2022, 10:26:12
 20.6428,   0.0965, 26 Oct 2022, 10:26:13
 20.6429,   0.0968, 26 Oct 2022, 10:26:14
 20.6436,   0.0983, 26 Oct 2022, 10:26:15
 20.6434,   0.0984, 26 Oct 2022, 10:26:16
 20.6438,   0.0940, 26 Oct 2022, 10:26:17
 20.6433,   0.0992, 26 Oct 2022, 10:26:18
 20.6427,   0.0971, 26 Oct 2022, 10:26:19
 20.6436,   0.0950, 26 Oct 2022, 10:26:20
 20.6431,   0.0947, 26 Oct 2022, 10:26:21
 20.6435,   0.0990, 26 Oct 2022, 10:26:22
 20.6435,   0.0971, 26 Oct 2022, 10:26:23
 20.6435,   0.0936, 26 Oct 2022, 10:26:24
 20.6432,   0.0967, 26 Oct 2022, 10:26:25
 20.6436,   0.0972, 26 Oct 2022, 10:26:26
 20.6438,   0.0961, 26 Oct 2022, 10:26:27
 20.6431,   0.0959, 26 Oct 2022, 10:26:28
 20.6429,   0.0972, 26 Oct 2022, 10:26:29
 20.6433,   0.0934, 26 Oct 2022, 10:26:30
 20.6443,   0.0980, 26 Oct 2022, 10:26:31
 20.6435,   0.0970, 26 Oct 2022, 10:26:32
 20.6441,   0.0936, 26 Oct 2022, 10:26:33
 20.6433,   0.0968, 26 Oct 2022, 10:26:34
 20.6442,   0.0978, 26 Oct 2022, 10:26:35
 20.6432,   0.0964, 26 Oct 2022, 10:26:36
 20.6433,   0.0941, 26 Oct 2022, 10:26:37
 20.6432,   0.0970, 26 Oct 2022, 10:26:38
 20.6436,   0.0967, 26 Oct 2022, 10:26:39
 20.6433,   0.0949, 26 Oct 2022, 10:26:40
 20.6438,   0.0960, 26 Oct 2022, 10:26:41
 20.6434,   0.0956, 26 Oct 2022, 10:26:42
 20.6432,   0.0969, 26 Oct 2022, 10:26:43
 20.6432,   0.0950, 26 Oct 2022, 10:26:44
 20.6436,   0.0917, 26 Oct 2022, 10:26:45
 20.6441,   0.0941, 26 Oct 2022, 10:26:46
 20.6437,   0.0956, 26 Oct 2022, 10:26:47
 20.6433,   0.0958, 26 Oct 2022, 10:26:48
 20.6435,   0.0937, 26 Oct 2022, 10:26:49
 20.6439,   0.0949, 26 Oct 2022, 10:26:50
 20.6433,   0.0966, 26 Oct 2022, 10:26:51
 20.6435,   0.0936, 26 Oct 2022, 10:26:52
 20.6442,   0.0973, 26 Oct 2022, 10:26:53
 20.6430,   0.0972, 26 Oct 2022, 10:26:54
 20.6430,   0.0958, 26 Oct 2022, 10:26:55
 20.6433,   0.0950, 26 Oct 2022, 10:26:56
 20.6431,   0.0971, 26 Oct 2022, 10:26:57
 20.6434,   0.0976, 26 Oct 2022, 10:26:58
 20.6434,   0.0965, 26 Oct 2022, 10:26:59
 20.6436,   0.0973, 26 Oct 2022, 10:27:00
 20.6438,   0.0939, 26 Oct 2022, 10:27:01
 20.6430,   0.0961, 26 Oct 2022, 10:27:02
 20.6437,   0.0962, 26 Oct 2022, 10:27:03
 20.6433,   0.0980, 26 Oct 2022, 10:27:04
 20.6436,   0.0943, 26 Oct 2022, 10:27:05
 20.6429,   0.0976, 26 Oct 2022, 10:27:06
 20.6434,   0.0975, 26 Oct 2022, 10:27:07
 20.6437,   0.0964, 26 Oct 2022, 10:27:08
 20.6433,   0.0976, 26 Oct 2022, 10:27:09
 20.6434,   0.0917, 26 Oct 2022, 10:27:10
 20.6431,   0.0950, 26 Oct 2022, 10:27:11
 20.6430,   0.0985, 26 Oct 2022, 10:27:12
 20.6430,   0.1008, 26 Oct 2022, 10:27:13
 20.6435,   0.0955, 26 Oct 2022, 10:27:14
 20.6431,   0.0978, 26 Oct 2022, 10:27:15
 20.6431,   0.0989, 26 Oct 2022, 10:27:16
 20.6431,   0.0984, 26 Oct 2022, 10:27:17
 20.6437,   0.0981, 26 Oct 2022, 10:27:18
 20.6431,   0.0979, 26 Oct 2022, 10:27:19
 20.6431,   0.0984, 26 Oct 2022, 10:27:20
 20.6425,   0.0964, 26 Oct 2022, 10:27:21
 20.6430,   0.0975, 26 Oct 2022, 10:27:22
 20.6426,   0.0974, 26 Oct 2022, 10:27:23
 20.6428,   0.0950, 26 Oct 2022, 10:27:24
 20.6427,   0.0954, 26 Oct 2022, 10:27:25
 20.6429,   0.0936, 26 Oct 2022, 10:27:26
 20.6424,   0.0977, 26 Oct 2022, 10:27:27
 20.6428,   0.0944, 26 Oct 2022, 10:27:28
 20.6426,   0.0924, 26 Oct 2022, 10:27:29
 20.6420,   0.0960, 26 Oct 2022, 10:27:30
 20.6426,   0.0978, 26 Oct 2022, 10:27:31
 20.6422,   0.0981, 26 Oct 2022, 10:27:32
 20.6425,   0.0967, 26 Oct 2022, 10:27:33
 20.6420,   0.0939, 26 Oct 2022, 10:27:34
 20.6423,   0.0939, 26 Oct 2022, 10:27:35
 20.6423,   0.0934, 26 Oct 2022, 10:27:36
 20.6429,   0.0944, 26 Oct 2022, 10:27:37
 20.6425,   0.0957, 26 Oct 2022, 10:27:38
 20.6414,   0.0946, 26 Oct 2022, 10:27:39
 20.6414,   0.0997, 26 Oct 2022, 10:27:40
 20.6416,   0.0947, 26 Oct 2022, 10:27:41
 20.6418,   0.0917, 26 Oct 2022, 10:27:42
 20.6421,   0.0956, 26 Oct 2022, 10:27:43
 20.6416,   0.0973, 26 Oct 2022, 10:27:44
 20.6414,   0.0953, 26 Oct 2022, 10:27:45
 20.6414,   0.0960, 26 Oct 2022, 10:27:46
 20.6416,   0.0970, 26 Oct 2022, 10:27:47
 20.6416,   0.0947, 26 Oct 2022, 10:27:48
 20.6420,   0.0986, 26 Oct 2022, 10:27:49
 20.6414,   0.0971, 26 Oct 2022, 10:27:50
 20.6410,   0.0953, 26 Oct 2022, 10:27:51
 20.6410,   0.0977, 26 Oct 2022, 10:27:52
 20.6413,   0.0939, 26 Oct 2022, 10:27:53
 20.6413,   0.0957, 26 Oct 2022, 10:27:54
 20.6412,   0.0973, 26 Oct 2022, 10:27:55
 20.6407,   0.0961, 26 Oct 2022, 10:27:56
 20.6405,   0.0968, 26 Oct 2022, 10:27:57
 20.6410,   0.0939, 26 Oct 2022, 10:27:58
 20.6406,   0.0950, 26 Oct 2022, 10:27:59
 20.6407,   0.0940, 26 Oct 2022, 10:28:00
 20.6409,   0.0958, 26 Oct 2022, 10:28:01
 20.6409,   0.0968, 26 Oct 2022, 10:28:02
 20.6406,   0.0966, 26 Oct 2022, 10:28:03
 20.6402,   0.0949, 26 Oct 2022, 10:28:04
 20.6407,   0.0944, 26 Oct 2022, 10:28:05
 20.6405,   0.0949, 26 Oct 2022, 10:28:06
 20.6397,   0.0941, 26 Oct 2022, 10:28:07
 20.6412,   0.0985, 26 Oct 2022, 10:28:08
 20.6406,   0.0921, 26 Oct 2022, 10:28:09
 20.6405,   0.0964, 26 Oct 2022, 10:28:10
 20.6396,   0.0966, 26 Oct 2022, 10:28:11
 20.6400,   0.0963, 26 Oct 2022, 10:28:12
 20.6397,   0.0923, 26 Oct 2022, 10:28:13
 20.6395,   0.0924, 26 Oct 2022, 10:28:14
 20.6399,   0.0966, 26 Oct 2022, 10:28:15
 20.6399,   0.0974, 26 Oct 2022, 10:28:16
 20.6395,   0.0958, 26 Oct 2022, 10:28:17
 20.6398,   0.0962, 26 Oct 2022, 10:28:18
 20.6401,   0.0946, 26 Oct 2022, 10:28:19
 20.6406,   0.0981, 26 Oct 2022, 10:28:20
 20.6401,   0.0976, 26 Oct 2022, 10:28:21
 20.6396,   0.0991, 26 Oct 2022, 10:28:22
 20.6401,   0.0986, 26 Oct 2022, 10:28:23
 20.6400,   0.0951, 26 Oct 2022, 10:28:24
 20.6405,   0.0964, 26 Oct 2022, 10:28:25
 20.6400,   0.0984, 26 Oct 2022, 10:28:26
 20.6393,   0.0969, 26 Oct 2022, 10:28:27
 20.6395,   0.0954, 26 Oct 2022, 10:28:28
 20.6397,   0.0976, 26 Oct 2022, 10:28:29
 20.6395,   0.0984, 26 Oct 2022, 10:28:30
 20.6393,   0.0954, 26 Oct 2022, 10:28:31
 20.6398,   0.0960, 26 Oct 2022, 10:28:32
 20.6401,   0.0935, 26 Oct 2022, 10:28:33
 20.6397,   0.0973, 26 Oct 2022, 10:28:34
 20.6401,   0.0974, 26 Oct 2022, 10:28:35
 20.6395,   0.0955, 26 Oct 2022, 10:28:36
 20.6396,   0.0950, 26 Oct 2022, 10:28:37
 20.6395,   0.0932, 26 Oct 2022, 10:28:38
 20.6396,   0.0935, 26 Oct 2022, 10:28:39
 20.6402,   0.0951, 26 Oct 2022, 10:28:40
 20.6393,   0.0973, 26 Oct 2022, 10:28:41
 20.6394,   0.0933, 26 Oct 2022, 10:28:42
 20.6396,   0.0959, 26 Oct 2022, 10:28:43
 20.6396,   0.0967, 26 Oct 2022, 10:28:44
 20.6398,   0.0988, 26 Oct 2022, 10:28:45
 20.6395,   0.0970, 26 Oct 2022, 10:28:46
 20.6400,   0.0967, 26 Oct 2022, 10:28:47
 20.6395,   0.0947, 26 Oct 2022, 10:28:48
 20.6393,   0.0959, 26 Oct 2022, 10:28:49
 20.6393,   0.0955, 26 Oct 2022, 10:28:50
 20.6397,   0.0931, 26 Oct 2022, 10:28:51
 20.6404,   0.0972, 26 Oct 2022, 10:28:52
 20.6394,   0.0953, 26 Oct 2022, 10:28:53
 20.6398,   0.0973, 26 Oct 2022, 10:28:54
 20.6395,   0.0951, 26 Oct 2022, 10:28:55
 20.6399,   0.0964, 26 Oct 2022, 10:28:56
 20.6395,   0.0957, 26 Oct 2022, 10:28:57
 20.6397,   0.0948, 26 Oct 2022, 10:28:58
 20.6404,   0.0950, 26 Oct 2022, 10:28:59
 20.6396,   0.0962, 26 Oct 2022, 10:29:00
 20.6400,   0.0940, 26 Oct 2022, 10:29:01
 20.6400,   0.0946, 26 Oct 2022, 10:29:02
 20.6400,   0.0987, 26 Oct 2022, 10:29:03
 20.6401,   0.0988, 26 Oct 2022, 10:29:04
 20.6401,   0.0968, 26 Oct 2022, 10:29:05
 20.6402,   0.0934, 26 Oct 2022, 10:29:06
 20.6398,   0.0948, 26 Oct 2022, 10:29:07
 20.6402,   0.0952, 26 Oct 2022, 10:29:08
 20.6407,   0.0963, 26 Oct 2022, 10:29:09
 20.6398,   0.0985, 26 Oct 2022, 10:29:10
 20.6408,   0.0951, 26 Oct 2022, 10:29:11
 20.6402,   0.0973, 26 Oct 2022, 10:29:12
 20.6401,   0.0991, 26 Oct 2022, 10:29:13
 20.6405,   0.0962, 26 Oct 2022, 10:29:14
 20.6397,   0.0934, 26 Oct 2022, 10:29:15
 20.6409,   0.0964, 26 Oct 2022, 10:29:16
 20.6407,   0.0965, 26 Oct 2022, 10:29:17
 20.6405,   0.0982, 26 Oct 2022, 10:29:18
 20.6401,   0.0988, 26 Oct 2022, 10:29:19
 20.6409,   0.0975, 26 Oct 2022, 10:29:20
 20.6408,   0.0963, 26 Oct 2022, 10:29:21
 20.6407,   0.0943, 26 Oct 2022, 10:29:22
 20.6411,   0.0964, 26 Oct 2022, 10:29:23
 20.6411,   0.0980, 26 Oct 2022, 10:29:24
 20.6409,   0.0958, 26 Oct 2022, 10:29:25
 20.6417,   0.0943, 26 Oct 2022, 10:29:26
 20.6415,   0.0968, 26 Oct 2022, 10:29:27
 20.6411,   0.0922, 26 Oct 2022, 10:29:28
 20.6411,   0.0938, 26 Oct 2022, 10:29:29
 20.6416,   0.0947, 26 Oct 2022, 10:29:30
 20.6410,   0.0932, 26 Oct 2022, 10:29:31
 20.6411,   0.0962, 26 Oct 2022, 10:29:32
 20.6409,   0.0944, 26 Oct 2022, 10:29:33
 20.6417,   0.0966, 26 Oct 2022, 10:29:34
 20.6415,   0.0952, 26 Oct 2022, 10:29:35
 20.6417,   0.0944, 26 Oct 2022, 10:29:36
 20.6415,   0.0951, 26 Oct 2022, 10:29:37
 20.6419,   0.0951, 26 Oct 2022, 10:29:38
 20.6418,   0.0979, 26 Oct 2022, 10:29:39
 20.6415,   0.0961, 26 Oct 2022, 10:29:40
 20.6422,   0.0948, 26 Oct 2022, 10:29:41
 20.6416,   0.0951, 26 Oct 2022, 10:29:42
 20.6423,   0.0934, 26 Oct 2022, 10:29:43
 20.6414,   0.0956, 26 Oct 2022, 10:29:44
 20.6419,   0.0950, 26 Oct 2022, 10:29:45
 20.6418,   0.0956, 26 Oct 2022, 10:29:46
 20.6423,   0.0945, 26 Oct 2022, 10:29:47
 20.6415,   0.0959, 26 Oct 2022, 10:29:48
 20.6421,   0.0944, 26 Oct 2022, 10:29:49
 20.6428,   0.0944, 26 Oct 2022, 10:29:50
 20.6421,   0.0967, 26 Oct 2022, 10:29:51
 20.6427,   0.0936, 26 Oct 2022, 10:29:52
 20.6421,   0.0981, 26 Oct 2022, 10:29:53
