samples/SBE39plus_03907421_2022_10_26.asc
* Sea-Bird SBE39plus Data File:
* Converted from 'C:\Data\Longyearbyen 2022\Permeability Tests\SBE39plus_03907421_2022_10_26.XML'
* Software Version 2.4.1, SeatermV2
* SerialNumber: 03907421
* FirmwareVersion: 4.2.0
* PressureInstalled: yes
*END*

[from data line 4193]
 20.7075,   0.0968, 26 Oct 2022, 10:48:58
 20.7070,   0.0961, 26 Oct 2022, 10:48:59
 20.7083,   0.0977, 26 Oct 2022, 10:49:00
 20.7071,   0.0978, 26 Oct 2022, 10:49:01
 20.7073,   0.0964, 26 Oct 2022, 10:49:02
 20.7081,   0.0951, 26 Oct 2022, 10:49:03
 20.7082,   0.0967, 26 Oct 2022, 10:49:04
 20.7083,   0.0946, 26 Oct 2022, 10:49:05
 20.7088,   0.0940, 26 Oct 2022, 10:49:06
 20.7077,   0.0978, 26 Oct 2022, 10:49:07
 20.7078,   0.0999, 26 Oct 2022, 10:49:08
 20.7088,   0.0978, 26 Oct 2022, 10:49:09
 20.7083,   0.0980, 26 Oct 2022, 10:49:10
 20.7090,   0.0978, 26 Oct 2022, 10:49:11
 20.7090,   0.0960, 26 Oct 2022, 10:49:12
 20.7093,   0.0930, 26 Oct 2022, 10:49:13
 20.7099,   0.0963, 26 Oct 2022, 10:49:14
 20.7094,   0.0968, 26 Oct 2022, 10:49:15
 20.7100,   0.0980, 26 Oct 2022, 10:49:16
 20.7102,   0.0955, 26 Oct 2022, 10:49:17
 20.7102,   0.0946, 26 Oct 2022, 10:49:18
 20.7103,   0.0944, 26 Oct 2022, 10:49:19
 20.7096,   0.0970, 26 Oct 2022, 10:49:20
 20.7102,   0.0959, 26 Oct 2022, 10:49:21
 20.7103,   0.0947, 26 Oct 2022, 10:49:22
 20.7099,   0.0967, 26 Oct 2022, 10:49:23
 20.7104,   0.0962, 26 Oct 2022, 10:49:24
 20.7107,   0.0998, 26 Oct 2022, 10:49:25
 20.7116,   0.0974, 26 Oct 2022, 10:49:26
 20.7107,   0.0975, 26 Oct 2022, 10:49:27
 20.7111,   0.0936, 26 Oct 2022, 10:49:28
 20.7114,   0.0973, 26 Oct 2022, 10:49:29
 20.7112,   0.1002, 26 Oct 2022, 10:49:30
 20.7114,   0.0956, 26 Oct 2022, 10:49:31
 20.7116,   0.0994, 26 Oct 2022, 10:49:32
 20.7117,   0.0975, 26 Oct 2022, 10:49:33
 20.7118,   0.0943, 26 Oct 2022, 10:49:34
 20.7117,   0.0996, 26 Oct 2022, 10:49:35
 20.7114,   0.0967, 26 Oct 2022, 10:49:36
 20.7121,   0.1010, 26 Oct 2022, 10:49:37
 20.7120,   0.0947, 26 Oct 2022, 10:49:38
 20.7117,   0.0961, 26 Oct 2022, 10:49:39
 20.7118,   0.0988, 26 Oct 2022, 10:49:40
 20.7118,   0.1037, 26 Oct 2022, 10:49:41
 20.7120,   0.0976, 26 Oct 2022, 10:49:42
 20.7119,   0.0993, 26 Oct 2022, 10:49:43
 20.7118,   0.0967, 26 Oct 2022, 10:49:44
 20.7126,   0.0980, 26 Oct 2022, 10:49:45
 20.7119,   0.1001, 26 Oct 2022, 10:49:46
 20.7122,   0.0965, 26 Oct 2022, 10:49:47
 20.7122,   0.0948, 26 Oct 2022, 10:49:48
 20.7126,   0.0934, 26 Oct 2022, 10:49:49
 20.7124,   0.0948, 26 Oct 2022, 10:49:50
 20.7123,   0.0984, 26 Oct 2022, 10:49:51
 20.7125,   0.0987, 26 Oct 2022, 10:49:52
 20.7127,   0.0975, 26 Oct 2022, 10:49:53
 20.7120,   0.0993, 26 Oct 2022, 10:49:54
 20.7124,   0.0953, 26 Oct 2022, 10:49:55
 20.7132,   0.0993, 26 Oct 2022, 10:49:56
 20.7128,   0.0958, 26 Oct 2022, 10:49:57
 20.7123,   0.0963, 26 Oct 2022, 10:49:58
 20.7130,   0.0980, 26 Oct 2022, 10:49:59
 20.7131,   0.0963, 26 Oct 2022, 10:50:00
 20.7129,   0.0965, 26 Oct 2022, 10:50:01
 20.7130,   0.0959, 26 Oct 2022, 10:50:02
 20.7129,   0.1003, 26 Oct 2022, 10:50:03
 20.7130,   0.0977, 26 Oct 2022, 10:50:04
 20.7126,   0.0969, 26 Oct 2022, 10:50:05
 20.7130,   0.0968, 26 Oct 2022, 10:50:06
 20.7127,   0.0988, 26 Oct 2022, 10:50:07
 20.7130,   0.0976, 26 Oct 2022, 10:50:08
 20.7134,   0.0980, 26 Oct 2022, 10:50:09
 20.7127,   0.0973, 26 Oct 2022, 10:50:10
 20.7130,   0.0984, 26 Oct 2022, 10:50:11
 20.7134,   0.0962, 26 Oct 2022, 10:50:12
 20.7129,   0.0962, 26 Oct 2022, 10:50:13
 20.7131,   0.0966, 26 Oct 2022, 10:50:14
 20.7126,   0.0953, 26 Oct 2022, 10:50:15
 20.7137,   0.0985, 26 Oct 2022, 10:50:16
 20.7135,   0.0954, 26 Oct 2022, 10:50:17
 20.7134,   0.0997, 26 Oct 2022, 10:50:18
 20.7130,   0.0972, 26 Oct 2022, 10:50:19
 20.7133,   0.0950, 26 Oct 2022, 10:50:20
 20.7136,   0.0996, 26 Oct 2022, 10:50:21
 20.7130,   0.0981, 26 Oct 2022, 10:50:22
 20.7134,   0.0957, 26 Oct 2022, 10:50:23
 20.7131,   0.0980, 26 Oct 2022, 10:50:24
 20.7136,   0.0963, 26 Oct 2022, 10:50:25
 20.7133,   0.0962, 26 Oct 2022, 10:50:26
 20.7131,   0.0963, 26 Oct 2022, 10:50:27
 20.7135,   0.0993, 26 Oct 2022, 10:50:28
 20.7135,   0.0981, 26 Oct 2022, 10:50:29
 20.7132,   0.0988, 26 Oct 2022, 10:50:30
 20.7134,   0.0996, 26 Oct 2022, 10:50:31
 20.7128,   0.0953, 26 Oct 2022, 10:50:32
 20.7128,   0.0940, 26 Oct 2022, 10:50:33
 20.7134,   0.0996, 26 Oct 2022, 10:50:34
 20.7133,   0.0972, 26 Oct 2022, 10:50:35
 20.7134,   0.0963, 26 Oct 2022, 10:50:36
 20.7133,   0.1002, 26 Oct 2022, 10:50:37
 20.7134,   0.0978, 26 Oct 2022, 10:50:38
 20.7132,   0.0974, 26 Oct 2022, 10:50:39
 20.7134,   0.0944, 26 Oct 2022, 10:50:40
 20.7133,   0.0944, 26 Oct 2022, 10:50:41
 20.7135,   0.0983, 26 Oct 2022, 10:50:42
 20.7137,   0.0923, 26 Oct 2022, 10:50:43
 20.7127,   0.0978, 26 Oct 2022, 10:50:44
 20.7136,   0.0973, 26 Oct 2022, 10:50:45
 20.7131,   0.0985, 26 Oct 2022, 10:50:46
 20.7133,   0.0984, 26 Oct 2022, 10:50:47
 20.7133,   0.0961, 26 Oct 2022, 10:50:48
 20.7132,   0.0962, 26 Oct 2022, 10:50:49
 20.7138,   0.0963, 26 Oct 2022, 10:50:50
 20.7136,   0.0983, 26 Oct 2022, 10:50:51
 20.7130,   0.0966, 26 Oct 2022, 10:50:52
 20.7131,   0.0987, 26 Oct 2022, 10:50:53
 20.7128,   0.0963, 26 Oct 2022, 10:50:54
 20.7132,   0.1002, 26 Oct 2022, 10:50:55
 20.7128,   0.1001, 26 Oct 2022, 10:50:56
 20.7135,   0.0975, 26 Oct 2022, 10:50:57
 20.7128,   0.0986, 26 Oct 2022, 10:50:58
 20.7126,   0.0972, 26 Oct 2022, 10:50:59
 20.7130,   0.0950, 26 Oct 2022, 10:51:00
 20.7126,   0.0954, 26 Oct 2022, 10:51:01
 20.7127,   0.0970, 26 Oct 2022, 10:51:02
 20.7129,   0.0987, 26 Oct 2022, 10:51:03
 20.7130,   0.0948, 26 Oct 2022, 10:51:04
 20.7128,   0.0983, 26 Oct 2022, 10:51:05
 20.7128,   0.0981, 26 Oct 2022, 10:51:06
 20.7126,   0.0960, 26 Oct 2022, 10:51:07
 20.7122,   0.0975, 26 Oct 2022, 10:51:08
 20.7128,   0.0953, 26 Oct 2022, 10:51:09
 20.7123,   0.0955, 26 Oct 2022, 10:51:10
 20.7125,   0.0947, 26 Oct 2022, 10:51:11
 20.7124,   0.0980, 26 Oct 2022, 10:51:12
 20.7128,   0.1002, 26 Oct 2022, 10:51:13
 20.7126,   0.0940, 26 Oct 2022, 10:51:14
 20.7123,   0.0957, 26 Oct 2022, 10:51:15
 20.7126,   0.1003, 26 Oct 2022, 10:51:16
 20.7125,   0.0972, 26 Oct 2022, 10:51:17
 20.7124,   0.0953, 26 Oct 2022, 10:51:18
 20.7130,   0.0973, 26 Oct 2022, 10:51:19
 20.7123,   0.0981, 26 Oct 2022, 10:51:20
 20.7130,   0.0943, 26 Oct 2022, 10:51:21
 20.7120,   0.0982, 26 Oct 2022, 10:51:22
 20.7116,   0.0949, 26 Oct 2022, 10:51:23
 20.7120,   0.0956, 26 Oct 2022, 10:51:24
 20.7117,   0.0996, 26 Oct 2022, 10:51:25
 20.7113,   0.0960, 26 Oct 2022, 10:51:26
 20.7121,   0.0997, 26 Oct 2022, 10:51:27
 20.7115,   0.0957, 26 Oct 2022, 10:51:28
 20.7122,   0.1000, 26 Oct 2022, 10:51:29
 20.7118,   0.0970, 26 Oct 2022, 10:51:30
 20.7111,   0.0950, 26 Oct 2022, 10:51:31
 20.7114,   0.0959, 26 Oct 2022, 10:51:32
 20.7116,   0.0965, 26 Oct 2022, 10:51:33
 20.7113,   0.0937, 26 Oct 2022, 10:51:34
 20.7120,   0.0936, 26 Oct 2022, 10:51:35
 20.7111,   0.0968, 26 Oct 2022, 10:51:36
 20.7111,   0.1012, 26 Oct 2022, 10:51:37
 20.7116,   0.0919, 26 Oct 2022, 10:51:38
 20.7108,   0.0962, 26 Oct 2022, 10:51:39
 20.7114,   0.0947, 26 Oct 2022, 10:51:40
 20.7111,   0.0965, 26 Oct 2022, 10:51:41
 20.7107,   0.0977, 26 Oct 2022, 10:51:42
 20.7112,   0.0980, 26 Oct 2022, 10:51:43
 20.7109,   0.0974, 26 Oct 2022, 10:51:44
 20.7116,   0.0972, 26 Oct 2022, 10:51:45
 20.7112,   0.0973, 26 Oct 2022, 10:51:46
 20.7107,   0.0939, 26 Oct 2022, 10:51:47
 20.7108,   0.0998, 26 Oct 2022, 10:51:48
 20.7108,   0.0960, 26 Oct 2022, 10:51:49
 20.7105,   0.1001, 26 Oct 2022, 10:51:50
 20.7107,   0.1011, 26 Oct 2022, 10:51:51
 20.7108,   0.0969, 26 Oct 2022, 10:51:52
 20.7107,   0.1012, 26 Oct 2022, 10:51:53
 20.7111,   0.0972, 26 Oct 2022, 10:51:54
 20.7111,   0.0960, 26 Oct 2022, 10:51:55
 20.7107,   0.1020, 26 Oct 2022, 10:51:56
 20.7110,   0.0952, 26 Oct 2022, 10:51:57
 20.7107,   0.1017, 26 Oct 2022, 10:51:58
 20.7108,   0.0957, 26 Oct 2022, 10:51:59
 20.7103,   0.0976, 26 Oct 2022, 10:52:00
 20.7113,   0.0955, 26 Oct 2022, 10:52:01
 20.7101,   0.0958, 26 Oct 2022, 10:52:02
 20.7102,   0.0964, 26 Oct 2022, 10:52:03
 20.7106,   0.0962, 26 Oct 2022, 10:52:04
 20.7109,   0.1000, 26 Oct 2022, 10:52:05
 20.7106,   0.0988, 26 Oct 2022, 10:52:06
 20.7105,   0.0977, 26 Oct 2022, 10:52:07
 20.7109,   0.0957, 26 Oct 2022, 10:52:08
 20.7108,   0.0984, 26 Oct 2022, 10:52:09
 20.7111,   0.0942, 26 Oct 2022, 10:52:10
 20.7100,   0.0972, 26 Oct 2022, 10:52:11
 20.7105,   0.0970, 26 Oct 2022, 10:52:12
 20.7106,   0.0969, 26 Oct 2022, 10:52:13
 20.7107,   0.0999, 26 Oct 2022, 10:52:14
 20.7104,   0.0958, 26 Oct 2022, 10:52:15
 20.7106,   0.0994, 26 Oct 2022, 10:52:16
 20.7110,   0.0979, 26 Oct 2022, 10:52:17
 20.7112,   0.0964, 26 Oct 2022, 10:52:18
 20.7106,   0.0975, 26 Oct 2022, 10:52:19
 20.7105,   0.0996, 26 Oct 2022, 10:52:20
 20.7106,   0.0955, 26 Oct 2022, 10:52:21
 20.7111,   0.0982, 26 Oct 2022, 10:52:22
 20.7106,   0.0997, 26 Oct 2022, 10:52:23
 20.7109,   0.0966, 26 Oct 2022, 10:52:24
 20.7107,   0.0949, 26 Oct 2022, 10:52:25
 20.7105,   0.1014, 26 Oct 2022, 10:52:26
 20.7106,   0.1000, 26 Oct 2022, 10:52:27
 20.7112,   0.0984, 26 Oct 2022, 10:52:28
 20.7109,   0.0988, 26 Oct 2022, 10:52:29
 20.7107,   0.0971, 26 Oct 2022, 10:52:30
 20.7100,   0.0975, 26 Oct 2022, 10:52:31
 20.7111,   0.1013, 26 Oct 2022, 10:52:32
 20.7112,   0.1006, 26 Oct 2022, 10:52:33
 20.7106,   0.0988, 26 Oct 2022, 10:52:34
 20.7111,   0.0959, 26 Oct 2022, 10:52:35
 20.7106,   0.0989, 26 Oct 2022, 10:52:36
 20.7109,   0.0953, 26 Oct 2022, 10:52:37
 20.7107,   0.0965, 26 Oct 2022, 10:52:38
 20.7115,   0.1012, 26 Oct 2022, 10:52:39
 20.7109,   0.0989, 26 Oct 2022, 10:52:40
 20.7115,   0.0945, 26 Oct 2022, 10:52:41
 20.7116,   0.0981, 26 Oct 2022, 10:52:42
 20.7116,   0.0978, 26 Oct 2022, 10:52:43
 20.7115,   0.1012, 26 Oct 2022, 10:52:44
 20.7114,   0.0962, 26 Oct 2022, 10:52:45
 20.7118,   0.0992, 26 Oct 2022, 10:52:46
 20.7115,   0.0989, 26 Oct 2022, 10:52:47
 20.7122,   0.0964, 26 Oct 2022, 10:52:48
 20.7120,   0.0927, 26 Oct 2022, 10:52:49
 20.7120,   0.1010, 26 Oct 2022, 10:52:50
 20.7113,   0.0952, 26 Oct 2022, 10:52:51
 20.7115,   0.0947, 26 Oct 2022, 10:52:52
 20.7122,   0.0962, 26 Oct 2022, 10:52:53
 20.7119,   0.0979, 26 Oct 2022, 10:52:54
 20.7117,   0.0989, 26 Oct 2022, 10:52:55
 20.7125,   0.0979, 26 Oct 2022, 10:52:56
 20.7123,   0.0981, 26 Oct 2022, 10:52:57
 20.7124,   0.0980, 26 Oct 2022, 10:52:58
 20.7125,   0.0974, 26 Oct 2022, 10:52:59
 20.7129,   0.0984, 26 Oct 2022, 10:53:00
 20.7128,   0.0971, 26 Oct 2022, 10:53:01
 20.7124,   0.1003, 26 Oct 2022, 10:53:02
 20.7124,   0.0999, 26 Oct 2022, 10:53:03
 20.7130,   0.0960, 26 Oct 2022, 10:53:04
 20.7128,   0.0989, 26 Oct 2022, 10:53:05
 20.7128,   0.0949, 26 Oct 2022, 10:53:06
 20.7127,   0.0965, 26 Oct 2022, 10:53:07
 20.7129,   0.0950, 26 Oct 2022, 10:53:08
 20.7127,   0.0996, 26 Oct 2022, 10:53:09
 20.7140,   0.0967, 26 Oct 2022, 10:53:10
 20.7140,   0.0949, 26 Oct 2022, 10:53:11
 20.7132,   0.0949, 26 Oct 2022, 10:53:12
 20.7134,   0.0969, 26 Oct 2022, 10:53:13
 20.7138,   0.0976, 26 Oct 2022, 10:53:14
 20.7136,   0.0963, 26 Oct 2022, 10:53:15
 20.7135,   0.0974, 26 Oct 2022, 10:53:16
 20.7143,   0.0995, 26 Oct 2022, 10:53:17
 20.7139,   0.0999, 26 Oct 2022, 10:53:18
 20.7145,   0.0972, 26 Oct 2022, 10:53:19
 20.7146,   0.0968, 26 Oct 2022, 10:53:20
 20.7141,   0.0971, 26 Oct 2022, 10:53:21
 20.7144,   0.0957, 26 Oct 2022, 10:53:22
 20.7142,   0.0959, 26 Oct 2022, 10:53:23
 20.7144,   0.1003, 26 Oct 2022, 10:53:24
 20.7143,   0.0975, 26 Oct 2022, 10:53:25
 20.7147,   0.0960, 26 Oct 2022, 10:53:26
 20.7145,   0.1005, 26 Oct 2022, 10:53:27
 20.7148,   0.0957, 26 Oct 2022, 10:53:28
 20.7152,   0.0985, 26 Oct 2022, 10:53:29
 20.7147,   0.0974, 26 Oct 2022, 10:53:30
 20.7143,   0.0973, 26 Oct 2022, 10:53:31
 20.7148,   0.0965, 26 Oct 2022, 10:53:32
 20.7151,   0.0975, 26 Oct 2022, 10:53:33
 20.7147,   0.1012, 26 Oct 2022, 10:53:34
 20.7154,   0.1002, 26 Oct 2022, 10:53:35
 20.7151,   0.0955, 26 Oct 2022, 10:53:36
 20.7157,   0.0985, 26 Oct 2022, 10:53:37
 20.7153,   0.0936, 26 Oct 2022, 10:53:38
 20.7157,   0.0969, 26 Oct 2022, 10:53:39
 20.7156,   0.0951, 26 Oct 2022, 10:53:40
 20.7157,   0.0980, 26 Oct 2022, 10:53:41
 20.7157,   0.0980, 26 Oct 2022, 10:53:42
 20.7160,   0.0977, 26 Oct 2022, 10:53:43
 20.7161,   0.0977, 26 Oct 2022, 10:53:44
 20.7159,   0.0960, 26 Oct 2022, 10:53:45
 20.7163,   0.0973, 26 Oct 2022, 10:53:46
 20.7165,   0.0961, 26 Oct 2022, 10:53:47
 20.7164,   0.0966, 26 Oct 2022, 10:53:48
 20.7166,   0.0984, 26 Oct 2022, 10:53:49
 20.7166,   0.0981, 26 Oct 2022, 10:53:50
 20.7168,   0.0989, 26 Oct 2022, 10:53:51
 20.7169,   0.0993, 26 Oct 2022, 10:53:52
 20.7172,   0.0994, 26 Oct 2022, 10:53:53
 20.7169,   0.0984, 26 Oct 2022, 10:53:54
 20.7171,   0.1019, 26 Oct 2022, 10:53:55
 20.7175,   0.0977, 26 Oct 2022, 10:53:56
 20.7176,   0.0966, 26 Oct 2022, 10:53:57
 20.7180,   0.1008, 26 Oct 2022, 10:53:58
 20.7180,   0.0976, 26 Oct 2022, 10:53:59
 20.7177,   0.0976, 26 Oct 2022, 10:54:00
 20.7170,   0.0969, 26 Oct 2022, 10:54:01
 20.7182,   0.0980, 26 Oct 2022, 10:54:02
 20.7179,   0.0991, 26 Oct 2022, 10:54:03
 20.7186,   0.0964, 26 Oct 2022, 10:54:04
 20.7184,   0.0986, 26 Oct 2022, 10:54:05
 20.7188,   0.0963, 26 Oct 2022, 10:54:06
 20.7184,   0.0977, 26 Oct 2022, 10:54:07
 20.7186,   0.0983, 26 Oct 2022, 10:54:08
 20.7186,   0.0951, 26 Oct 2022, 10:54:09
 20.7193,   0.0995, 26 Oct 2022, 10:54:10
 20.7184,   0.0958, 26 Oct 2022, 10:54:11
 20.7198,   0.0959, 26 Oct 2022, 10:54:12
 20.7190,   0.0991, 26 Oct 2022, 10:54:13
 20.7191,   0.0979, 26 Oct 2022, 10:54:14
 20.7190,   0.0995, 26 Oct 2022, 10:54:15
 20.7192,   0.1004, 26 Oct 2022, 10:54:16
 20.7198,   0.0979, 26 Oct 2022, 10:54:17
 20.7188,   0.1004, 26 Oct 2022, 10:54:18
 20.7206,   0.1022, 26 Oct 2022, 10:54:19
 20.7197,   0.0985, 26 Oct 2022, 10:54:20
 20.7200,   0.0984, 26 Oct 2022, 10:54:21
 20.7204,   0.0982, 26 Oct 2022, 10:54:22
 20.7199,   0.0956, 26 Oct 2022, 10:54:23
 20.7203,   0.0970, 26 Oct 2022, 10:54:24
 20.7199,   0.0977, 26 Oct 2022, 10:54:25
 20.7205,   0.0982, 26 Oct 2022, 10:54:26
 20.7208,   0.0959, 26 Oct 2022, 10:54:27
 20.7208,   0.0943, 26 Oct 2022, 10:54:28
 20.7202,   0.0988, 26 Oct 2022, 10:54:29
 20.7211,   0.0972, 26 Oct 2022, 10:54:30
 20.7203,   0.0991, 26 Oct 2022, 10:54:31
 20.7211,   0.0988, 26 Oct 2022, 10:54:32
 20.7206,   0.0966, 26 Oct 2022, 10:54:33
 20.7211,   0.0992, 26 Oct 2022, 10:54:34
 20.7213,   0.0961, 26 Oct 2022, 10:54:35
 20.7215,   0.1003, 26 Oct 2022, 10:54:36
 20.7212,   0.0958, 26 Oct 2022, 10:54:37
 20.7216,   0.0971, 26 Oct 2022, 10:54:38
 20.7221,   0.1004, 26 Oct 2022, 10:54:39
 20.7216,   0.0976, 26 Oct 2022, 10:54:40
 20.7215,   0.0980, 26 Oct 2022, 10:54:41
 20.7222,   0.0951, 26 Oct 2022, 10:54:42
 20.7218,   0.0975, 26 Oct 2022, 10:54:43
 20.7224,   0.0969, 26 Oct 2022, 10:54:44
 20.7222,   0.0994, 26 Oct 2022, 10:54:45
 20.7226,   0.0965, 26 Oct 2022, 10:54:46
 20.7222,   0.1003, 26 Oct 2022, 10:54:47
 20.7227,   0.1007, 26 Oct 2022, 10:54:48
 20.7233,   0.0996, 26 Oct 2022, 10:54:49
 20.7222,   0.0960, 26 Oct 2022, 10:54:50
 20.7228,   0.0970, 26 Oct 2022, 10:54:51
 20.7230,   0.0973, 26 Oct 2022, 10:54:52
 20.7226,   0.0950, 26 Oct 2022, 10:54:53
 20.7226,   0.0983, 26 Oct 2022, 10:54:54
 20.7224,   0.0954, 26 Oct 2022, 10:54:55
 20.7226,   0.0999, 26 Oct 2022, 10:54:56
 20.7233,   0.0967, 26 Oct 2022, 10:54:57
 20.7239,   0.0971, 26 Oct 2022, 10:54:58
 20.7230,   0.0991, 26 Oct 2022, 10:54:59
 20.7232,   0.0961, 26 Oct 2022, 10:55:00
 20.7232,   0.0980, 26 Oct 2022, 10:55:01
 20.7234,   0.0995, 26 Oct 2022, 10:55:02
 20.7237,   0.0932, 26 Oct 2022, 10:55:03
 20.7233,   0.0961, 26 Oct 2022, 10:55:04
 20.7234,   0.0938, 26 Oct 2022, 10:55:05
 20.7234,   0.0985, 26 Oct 2022, 10:55:06
 20.7234,   0.0975, 26 Oct 2022, 10:55:07
 20.7241,   0.0978, 26 Oct 2022, 10:55:08
 20.7238,   0.0984, 26 Oct 2022, 10:55:09
 20.7244,   0.1010, 26 Oct 2022, 10:55:10
 20.7244,   0.0972, 26 Oct 2022, 10:55:11
 20.7247,   0.0983, 26 Oct 2022, 10:55:12
 20.7235,   0.0988, 26 Oct 2022, 10:55:13
 20.7236,   0.0966, 26 Oct 2022, 10:55:14
 20.7246,   0.0989, 26 Oct 2022, 10:55:15
 20.7250,   0.0970, 26 Oct 2022, 10:55:16
 20.7249,   0.0975, 26 Oct 2022, 10:55:17
