samples/SBE39plus_03907421_2022_10_26.asc
* Sea-Bird SBE39plus Data File:
* Converted from 'C:\Data\Longyearbyen 2022\Permeability Tests\SBE39plus_03907421_2022_10_26.XML'
* Software Version 2.4.1, SeatermV2
* SerialNumber: 03907421
* FirmwareVersion: 4.2.0
* PressureInstalled: yes
*END*

[from data line 1907]
 20.6733,   0.0967, 26 Oct 2022, 10:10:52
 20.6736,   0.0927, 26 Oct 2022, 10:10:53
 20.6739,   0.0938, 26 Oct 2022, 10:10:54
 20.6736,   0.0963, 26 Oct 2022, 10:10:55
 20.6736,   0.0982, 26 Oct 2022, 10:10:56
 20.6736,   0.0984, 26 Oct 2022, 10:10:57
 20.6734,   0.0996, 26 Oct 2022, 10:10:58
 20.6740,   0.0955, 26 Oct 2022, 10:10:59
 20.6738,   0.0969, 26 Oct 2022, 10:11:00
 20.6738,   0.0958, 26 Oct 2022, 10:11:01
 20.6734,   0.1018, 26 Oct 2022, 10:11:02
 20.6739,   0.0983, 26 Oct 2022, 10:11:03
 20.6732,   0.0975, 26 Oct 2022, 10:11:04
 20.6740,   0.0967, 26 Oct 2022, 10:11:05
 20.6734,   0.0957, 26 Oct 2022, 10:11:06
 20.6741,   0.0946, 26 Oct 2022, 10:11:07
 20.6738,   0.0977, 26 Oct 2022, 10:11:08
 20.6739,   0.0979, 26 Oct 2022, 10:11:09
 20.6737,   0.0965, 26 Oct 2022, 10:11:10
 20.6742,   0.0949, 26 Oct 2022, 10:11:11
 20.6739,   0.0969, 26 Oct 2022, 10:11:12
 20.6739,   0.0960, 26 Oct 2022, 10:11:13
 20.6750,   0.0958, 26 Oct 2022, 10:11:14
 20.6744,   0.0945, 26 Oct 2022, 10:11:15
 20.6744,   0.0940, 26 Oct 2022, 10:11:16
 20.6741,   0.0935, 26 Oct 2022, 10:11:17
 20.6742,   0.1007, 26 Oct 2022, 10:11:18
 20.6743,   0.0949, 26 Oct 2022, 10:11:19
 20.6746,   0.0973, 26 Oct 2022, 10:11:20
 20.6744,   0.0957, 26 Oct 2022, 10:11:21
 20.6747,   0.0950, 26 Oct 2022, 10:11:22
 20.6746,   0.0975, 26 Oct 2022, 10:11:23
 20.6744,   0.0975, 26 Oct 2022, 10:11:24
 20.6749,   0.0969, 26 Oct 2022, 10:11:25
 20.6744,   0.0962, 26 Oct 2022, 10:11:26
 20.6746,   0.0992, 26 Oct 2022, 10:11:27
 20.6749,   0.0964, 26 Oct 2022, 10:11:28
 20.6743,   0.0960, 26 Oct 2022, 10:11:29
 20.6743,   0.0943, 26 Oct 2022, 10:11:30
 20.6749,   0.0961, 26 Oct 2022, 10:11:31
 20.6752,   0.0956, 26 Oct 2022, 10:11:32
 20.6753,   0.0961, 26 Oct 2022, 10:11:33
 20.6754,   0.0947, 26 Oct 2022, 10:11:34
 20.6750,   0.0980, 26 Oct 2022, 10:11:35
 20.6749,   0.0997, 26 Oct 2022, 10:11:36
 20.6753,   0.0937, 26 Oct 2022, 10:11:37
 20.6752,   0.0914, 26 Oct 2022, 10:11:38
 20.6754,   0.0937, 26 Oct 2022, 10:11:39
 20.6753,   0.0983, 26 Oct 2022, 10:11:40
 20.6755,   0.0942, 26 Oct 2022, 10:11:41
 20.6749,   0.0970, 26 Oct 2022, 10:11:42
 20.6749,   0.0969, 26 Oct 2022, 10:11:43
 20.6750,   0.0950, 26 Oct 2022, 10:11:44
 20.6751,   0.0954, 26 Oct 2022, 10:11:45
 20.6752,   0.0916, 26 Oct 2022, 10:11:46
 20.6751,   0.0962, 26 Oct 2022, 10:11:47
 20.6749,   0.0983, 26 Oct 2022, 10:11:48
 20.6752,   0.0934, 26 Oct 2022, 10:11:49
 20.6746,   0.0978, 26 Oct 2022, 10:11:50
 20.6753,   0.0984, 26 Oct 2022, 10:11:51
 20.6746,   0.0964, 26 Oct 2022, 10:11:52
 20.6751,   0.0950, 26 Oct 2022, 10:11:53
 20.6751,   0.0985, 26 Oct 2022, 10:11:54
 20.6742,   0.0919, 26 Oct 2022, 10:11:55
 20.6752,   0.0947, 26 Oct 2022, 10:11:56
 20.6743,   0.0958, 26 Oct 2022, 10:11:57
 20.6749,   0.0949, 26 Oct 2022, 10:11:58
 20.6747,   0.0980, 26 Oct 2022, 10:11:59
 20.6745,   0.0955, 26 Oct 2022, 10:12:00
 20.6750,   0.0968, 26 Oct 2022, 10:12:01
 20.6748,   0.0988, 26 Oct 2022, 10:12:02
 20.6748,   0.0917, 26 Oct 2022, 10:12:03
 20.6746,   0.0955, 26 Oct 2022, 10:12:04
 20.6752,   0.1012, 26 Oct 2022, 10:12:05
 20.6748,   0.0976, 26 Oct 2022, 10:12:06
 20.6747,   0.1008, 26 Oct 2022, 10:12:07
 20.6746,   0.0968, 26 Oct 2022, 10:12:08
 20.6748,   0.0978, 26 Oct 2022, 10:12:09
 20.6744,   0.0974, 26 Oct 2022, 10:12:10
 20.6741,   0.0971, 26 Oct 2022, 10:12:11
 20.6746,   0.0935, 26 Oct 2022, 10:12:12
 20.6748,   0.0960, 26 Oct 2022, 10:12:13
 20.6749,   0.0982, 26 Oct 2022, 10:12:14
 20.6743,   0.0977, 26 Oct 2022, 10:12:15
 20.6739,   0.0979, 26 Oct 2022, 10:12:16
 20.6739,   0.0975, 26 Oct 2022, 10:12:17
 20.6746,   0.0962, 26 Oct 2022, 10:12:18
 20.6740,   0.0968, 26 Oct 2022, 10:12:19
 20.6741,   0.0952, 26 Oct 2022, 10:12:20
 20.6743,   0.0958, 26 Oct 2022, 10:12:21
 20.6748,   0.0986, 26 Oct 2022, 10:12:22
 20.6740,   0.0975, 26 Oct 2022, 10:12:23
 20.6742,   0.0950, 26 Oct 2022, 10:12:24
 20.6738,   0.0963, 26 Oct 2022, 10:12:25
 20.6743,   0.0937, 26 Oct 2022, 10:12:26
 20.6741,   0.0963, 26 Oct 2022, 10:12:27
 20.6738,   0.0982, 26 Oct 2022, 10:12:28
 20.6736,   0.0998, 26 Oct 2022, 10:12:29
 20.6740,   0.0960, 26 Oct 2022, 10:12:30
 20.6734,   0.0959, 26 Oct 2022, 10:12:31
 20.6737,   0.0946, 26 Oct 2022, 10:12:32
 20.6737,   0.0937, 26 Oct 2022, 10:12:33
 20.6739,   0.0967, 26 Oct 2022, 10:12:34
 20.6737,   0.0951, 26 Oct 2022, 10:12:35
 20.6732,   0.0947, 26 Oct 2022, 10:12:36
 20.6733,   0.0961, 26 Oct 2022, 10:12:37
 20.6737,   0.0986, 26 Oct 2022, 10:12:38
 20.6734,   0.0948, 26 Oct 2022, 10:12:39
 20.6733,   0.0970, 26 Oct 2022, 10:12:40
 20.6733,   0.0950, 26 Oct 2022, 10:12:41
 20.6738,   0.0989, 26 Oct 2022, 10:12:42
 20.6735,   0.0937, 26 Oct 2022, 10:12:43
 20.6730,   0.0956, 26 Oct 2022, 10:12:44
 20.6733,   0.0956, 26 Oct 2022, 10:12:45
 20.6730,   0.0943, 26 Oct 2022, 10:12:46
 20.6728,   0.0954, 26 Oct 2022, 10:12:47
 20.6733,   0.0998, 26 Oct 2022, 10:12:48
 20.6730,   0.0961, 26 Oct 2022, 10:12:49
 20.6734,   0.0991, 26 Oct 2022, 10:12:50
 20.6731,   0.0981, 26 Oct 2022, 10:12:51
 20.6731,   0.0959, 26 Oct 2022, 10:12:52
 20.6725,   0.0960, 26 Oct 2022, 10:12:53
 20.6737,   0.0969, 26 Oct 2022, 10:12:54
 20.6729,   0.0964, 26 Oct 2022, 10:12:55
 20.6733,   0.0933, 26 Oct 2022, 10:12:56
 20.6723,   0.0948, 26 Oct 2022, 10:12:57
 20.6730,   0.0972, 26 Oct 2022, 10:12:58
 20.6732,   0.0956, 26 Oct 2022, 10:12:59
 20.6727,   0.0979, 26 Oct 2022, 10:13:00
 20.6724,   0.0979, 26 Oct 2022, 10:13:01
 20.6726,   0.0984, 26 Oct 2022, 10:13:02
 20.6728,   0.0988, 26 Oct 2022, 10:13:03
 20.6731,   0.0948, 26 Oct 2022, 10:13:04
 20.6721,   0.0978, 26 Oct 2022, 10:13:05
 20.6731,   0.0968, 26 Oct 2022, 10:13:06
 20.6732,   0.0955, 26 Oct 2022, 10:13:07
 20.6729,   0.0967, 26 Oct 2022, 10:13:08
 20.6724,   0.0974, 26 Oct 2022, 10:13:09
 20.6735,   0.0988, 26 Oct 2022, 10:13:10
 20.6726,   0.0948, 26 Oct 2022, 10:13:11
 20.6729,   0.0953, 26 Oct 2022, 10:13:12
 20.6730,   0.0946, 26 Oct 2022, 10:13:13
 20.6723,   0.0982, 26 Oct 2022, 10:13:14
 20.6728,   0.0972, 26 Oct 2022, 10:13:15
 20.6728,   0.0962, 26 Oct 2022, 10:13:16
 20.6728,   0.0943, 26 Oct 2022, 10:13:17
 20.6731,   0.0939, 26 Oct 2022, 10:13:18
 20.6732,   0.0964, 26 Oct 2022, 10:13:19
 20.6725,   0.0968, 26 Oct 2022, 10:13:20
 20.6727,   0.0962, 26 Oct 2022, 10:13:21
 20.6734,   0.0943, 26 Oct 2022, 10:13:22
 20.6730,   0.0999, 26 Oct 2022, 10:13:23
 20.6733,   0.0967, 26 Oct 2022, 10:13:24
 20.6731,   0.0968, 26 Oct 2022, 10:13:25
 20.6738,   0.0957, 26 Oct 2022, 10:13:26
 20.6732,   0.0946, 26 Oct 2022, 10:13:27
 20.6738,   0.0975, 26 Oct 2022, 10:13:28
 20.6734,   0.0909, 26 Oct 2022, 10:13:29
 20.6733,   0.0957, 26 Oct 2022, 10:13:30
 20.6736,   0.0973, 26 Oct 2022, 10:13:31
 20.6731,   0.0967, 26 Oct 2022, 10:13:32
 20.6732,   0.0983, 26 Oct 2022, 10:13:33
 20.6733,   0.0961, 26 Oct 2022, 10:13:34
 20.6734,   0.0975, 26 Oct 2022, 10:13:35
 20.6739,   0.0972, 26 Oct 2022, 10:13:36
 20.6734,   0.0959, 26 Oct 2022, 10:13:37
 20.6733,   0.0956, 26 Oct 2022, 10:13:38
 20.6738,   0.0953, 26 Oct 2022, 10:13:39
 20.6743,   0.0959, 26 Oct 2022, 10:13:40
 20.6736,   0.0934, 26 Oct 2022, 10:13:41
 20.6738,   0.0991, 26 Oct 2022, 10:13:42
 20.6731,   0.0980, 26 Oct 2022, 10:13:43
 20.6735,   0.0977, 26 Oct 2022, 10:13:44
 20.6735,   0.0969, 26 Oct 2022, 10:13:45
 20.6742,   0.0955, 26 Oct 2022, 10:13:46
 20.6743,   0.0941, 26 Oct 2022, 10:13:47
 20.6735,   0.0978, 26 Oct 2022, 10:13:48
 20.6743,   0.0969, 26 Oct 2022, 10:13:49
 20.6741,   0.0973, 26 Oct 2022, 10:13:50
 20.6737,   0.0974, 26 Oct 2022, 10:13:51
 20.6740,   0.0952, 26 Oct 2022, 10:13:52
 20.6736,   0.0986, 26 Oct 2022, 10:13:53
 20.6740,   0.0938, 26 Oct 2022, 10:13:54
 20.6741,   0.0969, 26 Oct 2022, 10:13:55
 20.6739,   0.0982, 26 Oct 2022, 10:13:56
 20.6739,   0.0987, 26 Oct 2022, 10:13:57
 20.6738,   0.0980, 26 Oct 2022, 10:13:58
 20.6733,   0.0947, 26 Oct 2022, 10:13:59
 20.6735,   0.0983, 26 Oct 2022, 10:14:00
 20.6736,   0.0994, 26 Oct 2022, 10:14:01
 20.6735,   0.0971, 26 Oct 2022, 10:14:02
 20.6738,   0.0991, 26 Oct 2022, 10:14:03
 20.6730,   0.0960, 26 Oct 2022, 10:14:04
 20.6727,   0.0943, 26 Oct 2022, 10:14:05
 20.6734,   0.0948, 26 Oct 2022, 10:14:06
 20.6734,   0.0981, 26 Oct 2022, 10:14:07
 20.6733,   0.0948, 26 Oct 2022, 10:14:08
 20.6730,   0.0952, 26 Oct 2022, 10:14:09
 20.6725,   0.0980, 26 Oct 2022, 10:14:10
 20.6726,   0.0948, 26 Oct 2022, 10:14:11
 20.6721,   0.0964, 26 Oct 2022, 10:14:12
 20.6725,   0.0947, 26 Oct 2022, 10:14:13
 20.6719,   0.0957, 26 Oct 2022, 10:14:14
 20.6720,   0.0982, 26 Oct 2022, 10:14:15
 20.6717,   0.0947, 26 Oct 2022, 10:14:16
 20.6722,   0.0977, 26 Oct 2022, 10:14:17
 20.6720,   0.0985, 26 Oct 2022, 10:14:18
 20.6714,   0.0991, 26 Oct 2022, 10:14:19
 20.6717,   0.0976, 26 Oct 2022, 10:14:20
 20.6717,   0.0983, 26 Oct 2022, 10:14:21
 20.6717,   0.0953, 26 Oct 2022, 10:14:22
 20.6713,   0.0931, 26 Oct 2022, 10:14:23
 20.6716,   0.0983, 26 Oct 2022, 10:14:24
 20.6720,   0.0978, 26 Oct 2022, 10:14:25
 20.6710,   0.0987, 26 Oct 2022, 10:14:26
 20.6710,   0.0973, 26 Oct 2022, 10:14:27
 20.6713,   0.0974, 26 Oct 2022, 10:14:28
 20.6707,   0.0935, 26 Oct 2022, 10:14:29
 20.6710,   0.0998, 26 Oct 2022, 10:14:30
 20.6715,   0.0963, 26 Oct 2022, 10:14:31
 20.6702,   0.0962, 26 Oct 2022, 10:14:32
 20.6706,   0.0934, 26 Oct 2022, 10:14:33
 20.6705,   0.0949, 26 Oct 2022, 10:14:34
 20.6701,   0.0953, 26 Oct 2022, 10:14:35
 20.6699,   0.0944, 26 Oct 2022, 10:14:36
 20.6701,   0.0956, 26 Oct 2022, 10:14:37
 20.6704,   0.0942, 26 Oct 2022, 10:14:38
 20.6704,   0.0984, 26 Oct 2022, 10:14:39
 20.6697,   0.0944, 26 Oct 2022, 10:14:40
 20.6699,   0.0937, 26 Oct 2022, 10:14:41
 20.6700,   0.0968, 26 Oct 2022, 10:14:42
 20.6695,   0.0936, 26 Oct 2022, 10:14:43
 20.6698,   0.1009, 26 Oct 2022, 10:14:44
 20.6690,   0.0958, 26 Oct 2022, 10:14:45
 20.6699,   0.0979, 26 Oct 2022, 10:14:46
 20.6692,   0.0999, 26 Oct 2022, 10:14:47
 20.6690,   0.0966, 26 Oct 2022, 10:14:48
 20.6695,   0.0969, 26 Oct 2022, 10:14:49
 20.6687,   0.0947, 26 Oct 2022, 10:14:50
 20.6685,   0.0972, 26 Oct 2022, 10:14:51
 20.6686,   0.0989, 26 Oct 2022, 10:14:52
 20.6686,   0.0947, 26 Oct 2022, 10:14:53
 20.6689,   0.0955, 26 Oct 2022, 10:14:54
 20.6686,   0.0968, 26 Oct 2022, 10:14:55
 20.6680,   0.0978, 26 Oct 2022, 10:14:56
 20.6680,   0.0953, 26 Oct 2022, 10:14:57
 20.6688,   0.0958, 26 Oct 2022, 10:14:58
 20.6683,   0.0968, 26 Oct 2022, 10:14:59
 20.6677,   0.0985, 26 Oct 2022, 10:15:00
 20.6680,   0.0947, 26 Oct 2022, 10:15:01
 20.6682,   0.0951, 26 Oct 2022, 10:15:02
 20.6674,   0.0949, 26 Oct 2022, 10:15:03
 20.6680,   0.0987, 26 Oct 2022, 10:15:04
 20.6669,   0.0969, 26 Oct 2022, 10:15:05
 20.6676,   0.0991, 26 Oct 2022, 10:15:06
 20.6674,   0.0946, 26 Oct 2022, 10:15:07
 20.6672,   0.0956, 26 Oct 2022, 10:15:08
 20.6678,   0.0959, 26 Oct 2022, 10:15:09
 20.6676,   0.0924, 26 Oct 2022, 10:15:10
 20.6670,   0.0961, 26 Oct 2022, 10:15:11
 20.6672,   0.0985, 26 Oct 2022, 10:15:12
 20.6667,   0.0944, 26 Oct 2022, 10:15:13
 20.6672,   0.0997, 26 Oct 2022, 10:15:14
 20.6672,   0.0922, 26 Oct 2022, 10:15:15
 20.6673,   0.0998, 26 Oct 2022, 10:15:16
 20.6671,   0.0964, 26 Oct 2022, 10:15:17
 20.6670,   0.0982, 26 Oct 2022, 10:15:18
 20.6663,   0.0978, 26 Oct 2022, 10:15:19
 20.6668,   0.0971, 26 Oct 2022, 10:15:20
 20.6666,   0.0971, 26 Oct 2022, 10:15:21
 20.6664,   0.0928, 26 Oct 2022, 10:15:22
 20.6669,   0.0985, 26 Oct 2022, 10:15:23
 20.6663,   0.0958, 26 Oct 2022, 10:15:24
 20.6667,   0.0971, 26 Oct 2022, 10:15:25
 20.6666,   0.0939, 26 Oct 2022, 10:15:26
 20.6663,   0.0938, 26 Oct 2022, 10:15:27
 20.6667,   0.0950, 26 Oct 2022, 10:15:28
 20.6668,   0.0963, 26 Oct 2022, 10:15:29
 20.6666,   0.0962, 26 Oct 2022, 10:15:30
 20.6667,   0.0986, 26 Oct 2022, 10:15:31
 20.6662,   0.0978, 26 Oct 2022, 10:15:32
 20.6658,   0.0947, 26 Oct 2022, 10:15:33
 20.6669,   0.0960, 26 Oct 2022, 10:15:34
 20.6661,   0.0968, 26 Oct 2022, 10:15:35
 20.6669,   0.0959, 26 Oct 2022, 10:15:36
 20.6661,   0.0968, 26 Oct 2022, 10:15:37
 20.6664,   0.0964, 26 Oct 2022, 10:15:38
 20.6660,   0.0998, 26 Oct 2022, 10:15:39
 20.6667,   0.0962, 26 Oct 2022, 10:15:40
 20.6663,   0.0979, 26 Oct 2022, 10:15:41
 20.6664,   0.0934, 26 Oct 2022, 10:15:42
 20.6662,   0.0946, 26 Oct 2022, 10:15:43
 20.6667,   0.0960, 26 Oct 2022, 10:15:44
 20.6662,   0.0984, 26 Oct 2022, 10:15:45
 20.6663,   0.0985, 26 Oct 2022, 10:15:46
 20.6660,   0.0948, 26 Oct 2022, 10:15:47
 20.6663,   0.0983, 26 Oct 2022, 10:15:48
 20.6659,   0.0994, 26 Oct 2022, 10:15:49
 20.6656,   0.0958, 26 Oct 2022, 10:15:50
 20.6661,   0.0953, 26 Oct 2022, 10:15:51
 20.6661,   0.0965, 26 Oct 2022, 10:15:52
 20.6668,   0.0948, 26 Oct 2022, 10:15:53
 20.6657,   0.0977, 26 Oct 2022, 10:15:54
 20.6661,   0.0964, 26 Oct 2022, 10:15:55
 20.6662,   0.0952, 26 Oct 2022, 10:15:56
 20.6666,   0.0988, 26 Oct 2022, 10:15:57
 20.6666,   0.0967, 26 Oct 2022, 10:15:58
 20.6660,   0.0995, 26 Oct 2022, 10:15:59
 20.6660,   0.0951, 26 Oct 2022, 10:16:00
 20.6660,   0.0980, 26 Oct 2022, 10:16:01
 20.6664,   0.0970, 26 Oct 2022, 10:16:02
 20.6667,   0.0967, 26 Oct 2022, 10:16:03
 20.6659,   0.0964, 26 Oct 2022, 10:16:04
 20.6663,   0.0950, 26 Oct 2022, 10:16:05
 20.6663,   0.0951, 26 Oct 2022, 10:16:06
 20.6663,   0.0966, 26 Oct 2022, 10:16:07
 20.6663,   0.0966, 26 Oct 2022, 10:16:08
 20.6666,   0.0973, 26 Oct 2022, 10:16:09
 20.6662,   0.0961, 26 Oct 2022, 10:16:10
 20.6662,   0.0990, 26 Oct 2022, 10:16:11
 20.6663,   0.0991, 26 Oct 2022, 10:16:12
 20.6663,   0.0999, 26 Oct 2022, 10:16:13
 20.6659,   0.0965, 26 Oct 2022, 10:16:14
 20.6665,   0.0978, 26 Oct 2022, 10:16:15
 20.6658,   0.0962, 26 Oct 2022, 10:16:16
 20.6662,   0.0961, 26 Oct 2022, 10:16:17
 20.6660,   0.0980, 26 Oct 2022, 10:16:18
 20.6662,   0.0977, 26 Oct 2022, 10:16:19
 20.6659,   0.0950, 26 Oct 2022, 10:16:20
 20.6660,   0.0981, 26 Oct 2022, 10:16:21
 20.6653,   0.0949, 26 Oct 2022, 10:16:22
 20.6658,   0.0988, 26 Oct 2022, 10:16:23
 20.6660,   0.0976, 26 Oct 2022, 10:16:24
 20.6659,   0.0966, 26 Oct 2022, 10:16:25
 20.6656,   0.0963, 26 Oct 2022, 10:16:26
 20.6659,   0.1000, 26 Oct 2022, 10:16:27
 20.6663,   0.0968, 26 Oct 2022, 10:16:28
 20.6660,   0.0962, 26 Oct 2022, 10:16:29
 20.6660,   0.0969, 26 Oct 2022, 10:16:30
 20.6664,   0.0952, 26 Oct 2022, 10:16:31
 20.6669,   0.0947, 26 Oct 2022, 10:16:32
 20.6660,   0.0952, 26 Oct 2022, 10:16:33
 20.6665,   0.0959, 26 Oct 2022, 10:16:34
 20.6660,   0.0995, 26 Oct 2022, 10:16:35
 20.6666,   0.0971, 26 Oct 2022, 10:16:36
 20.6663,   0.0996, 26 Oct 2022, 10:16:37
 20.6665,   0.0970, 26 Oct 2022, 10:16:38
 20.6661,   0.0969, 26 Oct 2022, 10:16:39
 20.6668,   0.0950, 26 Oct 2022, 10:16:40
 20.6669,   0.0936, 26 Oct 2022, 10:16:41
 20.6661,   0.1000, 26 Oct 2022, 10:16:42
 20.6671,   0.0982, 26 Oct 2022, 10:16:43
 20.6668,   0.0983, 26 Oct 2022, 10:16:44
 20.6662,   0.0955, 26 Oct 2022, 10:16:45
 20.6666,   0.0967, 26 Oct 2022, 10:16:46
 20.6669,   0.0966, 26 Oct 2022, 10:16:47
 20.6670,   0.0949, 26 Oct 2022, 10:16:48
 20.6664,   0.1007, 26 Oct 2022, 10:16:49
 20.6660,   0.0966, 26 Oct 2022, 10:16:50
 20.6669,   0.0978, 26 Oct 2022, 10:16:51
 20.6673,   0.0978, 26 Oct 2022, 10:16:52
 20.6672,   0.0934, 26 Oct 2022, 10:16:53
 20.6671,   0.0971, 26 Oct 2022, 10:16:54
 20.6671,   0.0962, 26 Oct 2022, 10:16:55
 20.6674,   0.0963, 26 Oct 2022, 10:16:56
 20.6672,   0.0978, 26 Oct 2022, 10:16:57
 20.6673,   0.0958, 26 Oct 2022, 10:16:58
 20.6676,   0.0961, 26 Oct 2022, 10:16:59
 20.6677,   0.0982, 26 Oct 2022, 10:17:00
 20.6674,   0.0977, 26 Oct 2022, 10:17:01
 20.6672,   0.0946, 26 Oct 2022, 10:17:02
 20.6677,   0.0971, 26 Oct 2022, 10:17:03
 20.6678,   0.0949, 26 Oct 2022, 10:17:04
 20.6678,   0.0954, 26 Oct 2022, 10:17:05
 20.6679,   0.0956, 26 Oct 2022, 10:17:06
 20.6680,   0.0971, 26 Oct 2022, 10:17:07
 20.6681,   0.0981, 26 Oct 2022, 10:17:08
 20.6683,   0.0968, 26 Oct 2022, 10:17:09
 20.6677,   0.0986, 26 Oct 2022, 10:17:10
 20.6677,   0.0975, 26 Oct 2022, 10:17:11
